// CivNexus6 CN6 - Exported from Blender for import to CivNexus6
skeleton
0 "Knight_European_Helm_A" -1 0.00000000 0.00000000 0.00000000 0.00000000 0.00000000 0.00000000 1.00000000 1.00000000 0.00000000 0.00000000 0.00000000 0.00000000 1.00000000 0.00000000 0.00000000 0.00000000 0.00000000 1.00000000 0.00000000 0.00000000 0.00000000 0.00000000 1.00000000
meshes:1
mesh:"Crusader_Helm_C_Mesh"
materials
"Material.001"
vertices
17.55825937 11.69274902 -6.02294284 0.98714800 0.15980880 0.00000102 0.15980870 -0.98714710 0.00130873 -0.00021015 0.00129175 0.99999920 0.51614529 0.02379912 0.00000000 0.00000000 0.00000000 0.00000000 0 0 0 0 0 0 0 0 255 0 0 0 0 0 0 0
17.16790903 14.28347874 0.07752526 0.98714800 0.15980850 0.00000087 0.15980850 -0.98714800 -0.00004425 0.00000621 -0.00004382 1.00000000 0.50401908 0.00845808 0.00000000 0.00000000 0.00000000 0.00000000 0 0 0 0 0 0 0 0 255 0 0 0 0 0 0 0
18.68916452 4.18688869 0.07752522 0.98714790 0.15980960 0.00000119 0.15980950 -0.98714720 0.00124141 -0.00019956 0.00122527 0.99999930 0.55135947 0.00845689 0.00000000 0.00000000 0.00000000 0.00000000 0 0 0 0 0 0 0 0 255 0 0 0 0 0 0 0
19.05782449 1.74022579 -9.18777066 0.98714790 0.15980980 0.00000103 0.15980980 -0.98714760 0.00058356 -0.00009428 0.00057589 0.99999980 0.56279927 0.03188151 0.00000000 0.00000000 0.00000000 0.00000000 0 0 0 0 0 0 0 0 255 0 0 0 0 0 0 0
18.27826059 6.91412783 -8.66961843 0.98714770 0.15981030 -0.00000034 0.15981020 -0.98714730 0.00085498 -0.00013630 0.00084404 0.99999960 0.53854191 0.03055006 0.00000000 0.00000000 0.00000000 0.00000000 0 0 0 0 0 0 0 0 255 0 0 0 0 0 0 0
20.33485925 -6.73543453 0.07751645 0.98714780 0.15981030 0.00000078 0.15980980 -0.98714510 -0.00232194 0.00037030 -0.00229222 0.99999740 0.60257173 0.00845647 0.00000000 0.00000000 0.00000000 0.00000000 0 0 0 0 0 0 0 0 255 0 0 0 0 0 0 0
20.05323160 -4.86628437 -5.34144813 0.98714790 0.15980940 0.00000024 0.15980570 -0.98712560 -0.00672366 0.00107426 -0.00663728 0.99997740 0.59378898 0.02210170 0.00000000 0.00000000 0.00000000 0.00000000 0 0 0 0 0 0 0 0 255 0 0 0 0 0 0 0
14.11667669 11.58202267 -6.34203082 0.03155004 0.73337540 -0.67909150 0.13035210 -0.67664590 -0.72467820 0.99096560 0.06565737 0.11694520 0.51065707 0.04770201 0.00000000 0.00000000 0.00000000 0.00000000 0 0 0 0 0 0 0 0 255 0 0 0 0 0 0 0
17.16790903 14.28347874 0.07752526 -0.15026080 0.90504940 -0.39787850 0.07392690 -0.39103520 -0.91740190 0.98587850 0.16726340 0.00815024 0.49130949 0.03206593 0.00000000 0.00000000 0.00000000 0.00000000 0 0 0 0 0 0 0 0 255 0 0 0 0 0 0 0
17.55825937 11.69274902 -6.02294284 -0.07115979 0.73482000 -0.67451890 0.13229320 -0.66330650 -0.73656170 0.98865300 0.14164790 0.05001096 0.50997221 0.03251928 0.00000000 0.00000000 0.00000000 0.00000000 0 0 0 0 0 0 0 0 255 0 0 0 0 0 0 0
13.72806585 14.16119480 0.07752534 -0.02993649 0.92605020 -0.37621120 0.06770952 -0.37363660 -0.92510070 0.99725600 0.05316735 0.05151705 0.49121690 0.04748440 0.00000000 0.00000000 0.00000000 0.00000000 0 0 0 0 0 0 0 0 255 0 0 0 0 0 0 0
6.49244916 14.31948566 -1.55856866 0.00465485 0.96545330 -0.26053450 0.04509513 -0.26047500 -0.96442690 0.99897180 0.00725958 0.04474971 0.49678871 0.07909602 0.00000000 0.00000000 0.00000000 0.00000000 0 0 0 0 0 0 0 0 255 0 0 0 0 0 0 0
6.45077455 14.59508991 0.07752534 0.01875574 0.97907410 -0.20263780 0.03290629 -0.20316810 -0.97859080 0.99928240 -0.01168614 0.03602826 0.49123120 0.07909656 0.00000000 0.00000000 0.00000000 0.00000000 0 0 0 0 0 0 0 0 255 0 0 0 0 0 0 0
6.92217863 11.46740627 -7.82209045 0.01796698 0.62299700 -0.78201780 0.14301140 -0.77570310 -0.61468060 0.98955790 0.10079350 0.10303270 0.51652181 0.07927948 0.00000000 0.00000000 0.00000000 0.00000000 0 0 0 0 0 0 0 0 255 0 0 0 0 0 0 0
1.51671684 -10.19910336 0.07751254 -0.95424720 -0.29379240 -0.05566204 0.26951240 -0.76442180 -0.58568110 0.12951930 -0.57388610 0.80862810 0.58357811 0.11847979 0.00000000 0.00000000 0.00000000 0.00000000 0 0 0 0 0 0 0 0 255 0 0 0 0 0 0 0
-2.09775823 0.07628202 0.07751645 -0.90931260 -0.41029960 -0.06931657 0.34068060 -0.63842110 -0.69018500 0.23892950 -0.65120870 0.72030540 0.58577049 0.12449068 0.00000000 0.00000000 0.00000000 0.00000000 0 0 0 0 0 0 0 0 255 0 0 0 0 0 0 0
0.25049770 -8.44136333 -6.62081224 -0.95630480 -0.28334360 -0.07209376 0.27150840 -0.76916600 -0.57850400 0.10846330 -0.57280030 0.81248730 0.59551293 0.12395543 0.00000000 0.00000000 0.00000000 0.00000000 0 0 0 0 0 0 0 0 255 0 0 0 0 0 0 0
-1.37333462 -2.17019153 -9.21578199 -0.92995010 -0.36142560 -0.06755957 0.31767300 -0.69725920 -0.64258340 0.18513960 -0.61903240 0.76323150 0.60895199 0.13335741 0.00000000 0.00000000 0.00000000 0.00000000 0 0 0 0 0 0 0 0 255 0 0 0 0 0 0 0
-3.57938063 3.49795127 -8.74757463 -0.86932470 -0.49108940 -0.05572956 0.36188360 -0.55566210 -0.74851850 0.33662270 -0.67087320 0.66076800 0.60936981 0.14156878 0.00000000 0.00000000 0.00000000 0.00000000 0 0 0 0 0 0 0 0 255 0 0 0 0 0 0 0
-5.91937125 8.59963846 -5.91852027 -0.84892300 -0.52239180 -0.08022879 0.37685810 -0.49187920 -0.78487760 0.37055080 -0.69653550 0.61443510 0.60265058 0.14766991 0.00000000 0.00000000 0.00000000 0.00000000 0 0 0 0 0 0 0 0 255 0 0 0 0 0 0 0
-7.47726882 11.67228794 0.07752040 -0.84626670 -0.52558850 -0.08711702 0.37889470 -0.47880350 -0.79195080 0.37452830 -0.70320980 0.60433820 0.58715153 0.14587432 0.00000000 0.00000000 0.00000000 0.00000000 0 0 0 0 0 0 0 0 255 0 0 0 0 0 0 0
6.10364711 11.32054424 -7.73954755 0.05813663 0.19233940 0.97960480 -0.19878980 0.96384390 -0.17744730 0.97831620 0.18441920 -0.09426975 0.51636797 0.08293217 0.00000000 0.00000000 0.00000000 0.00000000 0 0 0 0 0 0 0 0 255 0 0 0 0 0 0 0
7.27122056 9.25043440 -7.38964444 0.05813663 0.19233940 0.97960480 -0.19878980 0.96384390 -0.17744730 0.97831620 0.18441920 -0.09426975 0.51082981 0.07962090 0.00000000 0.00000000 0.00000000 0.00000000 0 0 0 0 0 0 0 0 255 0 0 0 0 0 0 0
6.92217863 11.46740627 -7.82209045 0.05813663 0.19233940 0.97960480 -0.19878980 0.96384390 -0.17744730 0.97831620 0.18441920 -0.09426975 0.51652181 0.07927948 0.00000000 0.00000000 0.00000000 0.00000000 0 0 0 0 0 0 0 0 255 0 0 0 0 0 0 0
7.27122056 9.25043440 -7.38964444 -0.01402617 0.15098260 0.98843690 -0.00031057 0.98853340 -0.15100170 0.99990160 0.00242496 0.01381845 0.51082981 0.07962090 0.00000000 0.00000000 0.00000000 0.00000000 0 0 0 0 0 0 0 0 255 0 0 0 0 0 0 0
6.10364711 11.32054424 -7.73954755 -0.01402617 0.15098260 0.98843690 -0.00031057 0.98853340 -0.15100170 0.99990150 0.00242496 0.01381844 0.51636797 0.08293217 0.00000000 0.00000000 0.00000000 0.00000000 0 0 0 0 0 0 0 0 255 0 0 0 0 0 0 0
6.47118604 9.01979780 -7.36575586 -0.01402617 0.15098260 0.98843690 -0.00031057 0.98853340 -0.15100170 0.99990160 0.00242496 0.01381845 0.51064062 0.08187163 0.00000000 0.00000000 0.00000000 0.00000000 0 0 0 0 0 0 0 0 255 0 0 0 0 0 0 0
5.70344961 14.20765781 -1.53642243 0.98583040 0.16745350 -0.00989603 0.08240601 -0.53483620 -0.84092780 0.14610900 -0.82819660 0.54105700 0.49674159 0.08262825 0.00000000 0.00000000 0.00000000 0.00000000 0 0 0 0 0 0 0 0 255 0 0 0 0 0 0 0
6.47118604 9.01979780 -7.36575586 0.98583590 0.16742210 -0.00986591 0.08017873 -0.52215310 -0.84907450 0.14730530 -0.83625720 0.52818100 0.51064062 0.08187163 0.00000000 0.00000000 0.00000000 0.00000000 0 0 0 0 0 0 0 0 255 0 0 0 0 0 0 0
6.10364711 11.32054424 -7.73954755 0.98583750 0.16741310 -0.00985730 0.07953928 -0.51850750 -0.85136560 0.14764090 -0.83852420 0.52448010 0.51636797 0.08293217 0.00000000 0.00000000 0.00000000 0.00000000 0 0 0 0 0 0 0 0 255 0 0 0 0 0 0 0
5.95550954 12.63443089 -1.21072251 0.98582820 0.16746540 -0.00990752 0.08325035 -0.53963830 -0.83777090 0.14564420 -0.82507330 0.54593220 0.49850640 0.08179009 0.00000000 0.00000000 0.00000000 0.00000000 0 0 0 0 0 0 0 0 255 0 0 0 0 0 0 0
6.49244916 14.31948566 -1.55856866 0.00030178 -0.19393630 -0.98101410 0.18200050 -0.96461900 0.19075120 0.98329840 0.17860260 -0.03500539 0.49678871 0.07909602 0.00000000 0.00000000 0.00000000 0.00000000 0 0 0 0 0 0 0 0 255 0 0 0 0 0 0 0
5.95550954 12.63443089 -1.21072251 0.00029962 -0.19393580 -0.98101410 0.36392050 -0.91372490 0.18074460 0.93142990 0.35706530 -0.07030345 0.49850640 0.08179009 0.00000000 0.00000000 0.00000000 0.00000000 0 0 0 0 0 0 0 0 255 0 0 0 0 0 0 0
5.70344961 14.20765781 -1.53642243 0.00030339 -0.19393670 -0.98101410 0.04585528 -0.97997950 0.19374630 0.99894820 0.04504345 -0.00859570 0.49674159 0.08262825 0.00000000 0.00000000 0.00000000 0.00000000 0 0 0 0 0 0 0 0 255 0 0 0 0 0 0 0
6.74449670 12.74624729 -1.23287171 0.00029801 -0.19393540 -0.98101430 0.48784910 -0.85632660 0.16943420 0.87292800 0.47863750 -0.09435603 0.49855351 0.08021146 0.00000000 0.00000000 0.00000000 0.00000000 0 0 0 0 0 0 0 0 255 0 0 0 0 0 0 0
6.92217863 11.46740627 -7.82209045 -0.98568430 -0.16854730 0.00427769 0.06340334 -0.39406080 -0.91689480 -0.15622580 0.90349760 -0.39910600 0.51652181 0.07927948 0.00000000 0.00000000 0.00000000 0.00000000 0 0 0 0 0 0 0 0 255 0 0 0 0 0 0 0
6.74449670 12.74624729 -1.23287171 -0.98568430 -0.16854730 0.00427769 0.06340334 -0.39406080 -0.91689490 -0.15622580 0.90349760 -0.39910600 0.49855351 0.08021146 0.00000000 0.00000000 0.00000000 0.00000000 0 0 0 0 0 0 0 0 255 0 0 0 0 0 0 0
6.49244916 14.31948566 -1.55856866 -0.98568430 -0.16854730 0.00427769 0.06340334 -0.39406080 -0.91689480 -0.15622580 0.90349760 -0.39910600 0.49678871 0.07909602 0.00000000 0.00000000 0.00000000 0.00000000 0 0 0 0 0 0 0 0 255 0 0 0 0 0 0 0
6.74449670 12.74624729 -1.23287171 -0.98613180 -0.16592170 0.00373076 0.13412910 -0.81001290 -0.57086650 -0.09774112 0.56244920 -0.82103440 0.49855351 0.08021146 0.00000000 0.00000000 0.00000000 0.00000000 0 0 0 0 0 0 0 0 255 0 0 0 0 0 0 0
6.92217863 11.46740627 -7.82209045 -0.98613180 -0.16592170 0.00373076 0.13412910 -0.81001290 -0.57086640 -0.09774110 0.56244920 -0.82103440 0.51652181 0.07927948 0.00000000 0.00000000 0.00000000 0.00000000 0 0 0 0 0 0 0 0 255 0 0 0 0 0 0 0
7.27122056 9.25043440 -7.38964444 -0.98613180 -0.16592170 0.00373076 0.13412910 -0.81001280 -0.57086640 -0.09774110 0.56244920 -0.82103440 0.51082981 0.07962090 0.00000000 0.00000000 0.00000000 0.00000000 0 0 0 0 0 0 0 0 255 0 0 0 0 0 0 0
5.64136446 14.61608982 0.07752534 -0.01439949 0.96639510 -0.25665800 0.04141754 -0.25588780 -0.96581880 0.99903810 0.02453744 0.03634105 0.49123260 0.08263069 0.00000000 0.00000000 0.00000000 0.00000000 0 0 0 0 0 0 0 0 255 0 0 0 0 0 0 0
5.70344961 14.20765781 -1.53642243 -0.06906237 0.95089670 -0.30170470 0.04935366 -0.29879980 -0.95303880 0.99639080 0.08070935 0.02629441 0.49674159 0.08262825 0.00000000 0.00000000 0.00000000 0.00000000 0 0 0 0 0 0 0 0 255 0 0 0 0 0 0 0
-0.75536776 13.67794609 0.07752524 -0.20652420 0.88594510 -0.41526970 0.06268208 -0.41156790 -0.90922100 0.97643160 0.21380610 -0.02946582 0.49123871 0.11120009 0.00000000 0.00000000 0.00000000 0.00000000 0 0 0 0 0 0 0 0 255 0 0 0 0 0 0 0
6.10364711 11.32054424 -7.73954755 -0.09848661 0.58841750 -0.80253670 0.14395410 -0.78955090 -0.59656230 0.98467130 0.17428180 0.00694490 0.51636797 0.08293217 0.00000000 0.00000000 0.00000000 0.00000000 0 0 0 0 0 0 0 0 255 0 0 0 0 0 0 0
2.33719528 4.48502541 -10.20290643 -0.18359430 0.18857760 -0.96474430 0.15952930 -0.96270030 -0.21853710 0.96997080 0.19402720 -0.14666270 0.54063147 0.10410613 0.00000000 0.00000000 0.00000000 0.00000000 0 0 0 0 0 0 0 0 255 0 0 0 0 0 0 0
0.35323417 10.68043423 -7.37385398 -0.20472620 0.66870120 -0.71479080 0.12102080 -0.70736250 -0.69641390 0.97130910 0.22907870 -0.06388892 0.51446378 0.10832042 0.00000000 0.00000000 0.00000000 0.00000000 0 0 0 0 0 0 0 0 255 0 0 0 0 0 0 0
7.00953043 5.29608822 -10.59258538 -0.10906040 0.24690940 -0.96288200 0.16420880 -0.95087640 -0.26242990 0.98037820 0.18673440 -0.06315825 0.54079962 0.08343816 0.00000000 0.00000000 0.00000000 0.00000000 0 0 0 0 0 0 0 0 255 0 0 0 0 0 0 0
16.67195451 -5.51225948 -6.09073049 0.26418990 -0.70127770 -0.66212790 0.06623933 -0.67170550 0.73785110 0.96219350 0.23879180 0.13100570 0.58627069 0.04732841 0.00000000 0.00000000 0.00000000 0.00000000 0 0 0 0 0 0 0 0 255 0 0 0 0 0 0 0
20.33485925 -6.73543453 0.07751645 0.24038110 -0.89764600 -0.36938980 0.01114240 -0.37797120 0.92575030 0.97061470 0.22664870 0.08085518 0.60756302 0.03105283 0.00000000 0.00000000 0.00000000 0.00000000 0 0 0 0 0 0 0 0 255 0 0 0 0 0 0 0
17.01381433 -7.78121471 0.07751644 0.28726570 -0.88117710 -0.37550690 0.01295407 -0.38842080 0.92139110 0.95776340 0.26954840 0.10016510 0.60935092 0.04609340 0.00000000 0.00000000 0.00000000 0.00000000 0 0 0 0 0 0 0 0 255 0 0 0 0 0 0 0
20.05323160 -4.86628437 -5.34144813 0.18705230 -0.74140160 -0.64446490 0.06107830 -0.64599730 0.76089220 0.98044930 0.18168950 0.07555175 0.58589751 0.03220594 0.00000000 0.00000000 0.00000000 0.00000000 0 0 0 0 0 0 0 0 255 0 0 0 0 0 0 0
15.70063531 0.93427563 -9.28985578 0.17025930 -0.18947080 -0.96701220 0.13899800 -0.96691060 0.21392390 0.97554670 0.17083530 0.13828940 0.56261247 0.04824674 0.00000000 0.00000000 0.00000000 0.00000000 0 0 0 0 0 0 0 0 255 0 0 0 0 0 0 0
19.05782449 1.74022579 -9.18777066 0.07752284 -0.19013010 -0.97869340 0.14021300 -0.96981220 0.19951110 0.98708180 0.15269220 0.04852390 0.56171769 0.03317833 0.00000000 0.00000000 0.00000000 0.00000000 0 0 0 0 0 0 0 0 255 0 0 0 0 0 0 0
14.85632646 6.53794050 -8.87126428 0.10034470 0.29646740 -0.94975690 0.16626380 -0.94614880 -0.27777480 0.98096250 0.13003700 0.14423280 0.54051542 0.04831505 0.00000000 0.00000000 0.00000000 0.00000000 0 0 0 0 0 0 0 0 255 0 0 0 0 0 0 0
18.27826059 6.91412783 -8.66961843 0.02144841 0.28651830 -0.95783460 0.16675990 -0.94565900 -0.27914200 0.98576430 0.15374120 0.06806264 0.54125869 0.03321433 0.00000000 0.00000000 0.00000000 0.00000000 0 0 0 0 0 0 0 0 255 0 0 0 0 0 0 0
9.76917589 -7.56406498 -7.70862037 0.11634850 -0.73216730 -0.67111410 0.06555403 -0.66856880 0.74075530 0.99104280 0.13018000 0.02979043 0.58600909 0.07882500 0.00000000 0.00000000 0.00000000 0.00000000 0 0 0 0 0 0 0 0 255 0 0 0 0 0 0 0
10.17056119 -10.22803211 0.07751255 0.15560900 -0.91263490 -0.37799910 0.01157639 -0.38094930 0.92452350 0.98775090 0.14824010 0.04871414 0.61414891 0.07726842 0.00000000 0.00000000 0.00000000 0.00000000 0 0 0 0 0 0 0 0 255 0 0 0 0 0 0 0
8.68398893 -0.36174679 -11.11935407 0.10106500 -0.18294600 -0.97791450 0.14049450 -0.97047220 0.19607350 0.98490970 0.15720780 0.07237788 0.56369889 0.07982969 0.00000000 0.00000000 0.00000000 0.00000000 0 0 0 0 0 0 0 0 255 0 0 0 0 0 0 0
7.81055772 5.43513680 -10.65114480 0.03559733 0.26578080 -0.96337600 0.16444610 -0.95240440 -0.25667750 0.98574350 0.14928640 0.07760967 0.54082477 0.07989317 0.00000000 0.00000000 0.00000000 0.00000000 0 0 0 0 0 0 0 0 255 0 0 0 0 0 0 0
6.05519521 -7.97700024 -7.65917093 -0.07395338 -0.77431520 -0.62846390 0.05910841 -0.63248500 0.77231400 0.99550860 -0.01996773 -0.09254295 0.58535779 0.09493768 0.00000000 0.00000000 0.00000000 0.00000000 0 0 0 0 0 0 0 0 255 0 0 0 0 0 0 0
6.43131578 -10.41537952 0.07751254 0.00977012 -0.91767570 -0.39721010 0.01446917 -0.39705770 0.91767950 0.99984750 0.01471314 -0.00939871 0.61238909 0.09358448 0.00000000 0.00000000 0.00000000 0.00000000 0 0 0 0 0 0 0 0 255 0 0 0 0 0 0 0
4.34106958 -1.11562443 -10.67111760 -0.14357190 -0.26884250 -0.95242360 0.13550100 -0.95867070 0.25017990 0.98031960 0.09313558 -0.17406670 0.56350547 0.09902287 0.00000000 0.00000000 0.00000000 0.00000000 0 0 0 0 0 0 0 0 255 0 0 0 0 0 0 0
6.47118604 9.01979780 -7.36575586 -0.22931170 0.82624100 -0.51453080 0.05316336 -0.51719600 -0.85421430 0.97190010 0.22323550 -0.07467335 0.51064062 0.08187163 0.00000000 0.00000000 0.00000000 0.00000000 0 0 0 0 0 0 0 0 255 0 0 0 0 0 0 0
6.74449670 12.74624729 -1.23287171 -0.13286400 0.83926490 -0.52723950 0.08347397 -0.52059050 -0.84971620 0.98761290 0.15690750 0.00088903 0.49855351 0.08021146 0.00000000 0.00000000 0.00000000 0.00000000 0 0 0 0 0 0 0 0 255 0 0 0 0 0 0 0
7.27122056 9.25043440 -7.38964444 -0.23812520 0.82463350 -0.51310420 0.05043817 -0.51708850 -0.85444440 0.96992370 0.22934480 -0.08153877 0.51082981 0.07962090 0.00000000 0.00000000 0.00000000 0.00000000 0 0 0 0 0 0 0 0 255 0 0 0 0 0 0 0
5.95550954 12.63443089 -1.21072251 -0.12393440 0.84005640 -0.52815290 0.08627605 -0.52111820 -0.84911260 0.98853250 0.15080120 0.00789224 0.49850640 0.08179009 0.00000000 0.00000000 0.00000000 0.00000000 0 0 0 0 0 0 0 0 255 0 0 0 0 0 0 0
0.25049770 -8.44136333 -6.62081224 -0.04129066 -0.74024160 -0.67107190 0.06613693 -0.67219660 0.73741280 0.99695590 0.01393438 -0.07671275 0.58547330 0.11597931 0.00000000 0.00000000 0.00000000 0.00000000 0 0 0 0 0 0 0 0 255 0 0 0 0 0 0 0
1.51671684 -10.19910336 0.07751254 -0.04296834 -0.92871570 -0.36829450 0.00955770 -0.36900020 0.92938020 0.99903070 -0.03641388 -0.02473171 0.60831368 0.11473978 0.00000000 0.00000000 0.00000000 0.00000000 0 0 0 0 0 0 0 0 255 0 0 0 0 0 0 0
-1.37333462 -2.17019153 -9.21578199 -0.20987170 -0.29502620 -0.93215520 0.13487350 -0.95300940 0.27126030 0.96838160 0.06879318 -0.23980090 0.56287777 0.11853892 0.00000000 0.00000000 0.00000000 0.00000000 0 0 0 0 0 0 0 0 255 0 0 0 0 0 0 0
-3.57938063 3.49795127 -8.74757463 -0.27880520 0.17795800 -0.94371530 0.15075090 -0.96238800 -0.22601610 0.94844170 0.20528030 -0.24149150 0.54000372 0.12670618 0.00000000 0.00000000 0.00000000 0.00000000 0 0 0 0 0 0 0 0 255 0 0 0 0 0 0 0
-5.91937125 8.59963846 -5.91852027 -0.32330060 0.67091270 -0.66734770 0.10486690 -0.67547560 -0.72988740 0.94046780 0.30595570 -0.14802520 0.51296508 0.13680547 0.00000000 0.00000000 0.00000000 0.00000000 0 0 0 0 0 0 0 0 255 0 0 0 0 0 0 0
-7.47726882 11.67228794 0.07752040 -0.27819870 0.83471700 -0.47523990 0.06334156 -0.47775180 -0.87620820 0.95843270 0.27386240 -0.08003763 0.49122769 0.14455622 0.00000000 0.00000000 0.00000000 0.00000000 0 0 0 0 0 0 0 0 255 0 0 0 0 0 0 0
18.68916452 4.18688869 0.07752522 0.98714780 0.15980980 -0.00000066 0.15980970 -0.98714700 -0.00124258 -0.00019922 0.00122650 -0.99999920 0.55135947 0.00845689 0.00000000 0.00000000 0.00000000 0.00000000 0 0 0 0 0 0 0 0 255 0 0 0 0 0 0 0
17.16790903 14.28347874 0.07752526 0.98714800 0.15980860 -0.00000003 0.15980860 -0.98714790 0.00004427 0.00000704 -0.00004371 -0.99999990 0.50401908 0.00845808 0.00000000 0.00000000 0.00000000 0.00000000 0 0 0 0 0 0 0 0 255 0 0 0 0 0 0 0
17.55824983 11.69274139 6.17800111 0.98714790 0.15980910 -0.00000031 0.15980890 -0.98714710 -0.00130939 -0.00020956 0.00129251 -0.99999900 0.51614529 0.02379912 0.00000000 0.00000000 0.00000000 0.00000000 0 0 0 0 0 0 0 0 255 0 0 0 0 0 0 0
19.05782449 1.74021339 9.34281176 0.98714770 0.15980990 -0.00000053 0.15980990 -0.98714760 -0.00058488 -0.00009399 0.00057728 -0.99999980 0.56279927 0.03188151 0.00000000 0.00000000 0.00000000 0.00000000 0 0 0 0 0 0 0 0 255 0 0 0 0 0 0 0
20.33485925 -6.73543453 0.07751645 0.98714780 0.15980990 -0.00000029 0.15980950 -0.98714520 0.00232089 0.00037061 -0.00229111 -0.99999740 0.60257173 0.00845647 0.00000000 0.00000000 0.00000000 0.00000000 0 0 0 0 0 0 0 0 255 0 0 0 0 0 0 0
20.05323160 -4.86629009 5.49648494 0.98714800 0.15980870 0.00000041 0.15980500 -0.98712570 0.00672344 0.00107487 -0.00663697 -0.99997740 0.59378898 0.02210170 0.00000000 0.00000000 0.00000000 0.00000000 0 0 0 0 0 0 0 0 255 0 0 0 0 0 0 0
18.27826059 6.91411638 8.82466811 0.98714790 0.15980940 0.00000115 0.15980930 -0.98714760 -0.00085645 -0.00013573 0.00084563 -0.99999970 0.53854191 0.03055006 0.00000000 0.00000000 0.00000000 0.00000000 0 0 0 0 0 0 0 0 255 0 0 0 0 0 0 0
14.11667669 11.58201504 6.49708813 0.03154974 0.73337450 0.67909220 0.13035180 -0.67664670 0.72467760 0.99096560 0.06565750 -0.11694470 0.51065707 0.04770201 0.00000000 0.00000000 0.00000000 0.00000000 0 0 0 0 0 0 0 0 255 0 0 0 0 0 0 0
17.16790903 14.28347874 0.07752526 -0.15026070 0.90504930 0.39787870 0.07392624 -0.39103550 0.91740180 0.98587860 0.16726320 -0.00814961 0.49130949 0.03206593 0.00000000 0.00000000 0.00000000 0.00000000 0 0 0 0 0 0 0 0 255 0 0 0 0 0 0 0
13.72806585 14.16119480 0.07752534 -0.02993660 0.92604990 0.37621190 0.06770895 -0.37363730 0.92510040 0.99725600 0.05316728 -0.05151644 0.49121690 0.04748440 0.00000000 0.00000000 0.00000000 0.00000000 0 0 0 0 0 0 0 0 255 0 0 0 0 0 0 0
17.55824983 11.69274139 6.17800111 -0.07115993 0.73481980 0.67451910 0.13229280 -0.66330670 0.73656150 0.98865300 0.14164770 -0.05001051 0.50997221 0.03251928 0.00000000 0.00000000 0.00000000 0.00000000 0 0 0 0 0 0 0 0 255 0 0 0 0 0 0 0
6.45077455 14.59508991 0.07752534 0.01875556 0.97907360 0.20263990 0.03290581 -0.20317030 0.97859040 0.99928250 -0.01168597 -0.03602778 0.49123120 0.07909656 0.00000000 0.00000000 0.00000000 0.00000000 0 0 0 0 0 0 0 0 255 0 0 0 0 0 0 0
6.49244821 14.31948566 1.71361834 0.00465480 0.96545310 0.26053520 0.04509466 -0.26047560 0.96442670 0.99897180 0.00725953 -0.04474924 0.49678871 0.07909602 0.00000000 0.00000000 0.00000000 0.00000000 0 0 0 0 0 0 0 0 255 0 0 0 0 0 0 0
6.92217577 11.46739674 7.97714013 0.01796656 0.62299530 0.78201930 0.14301120 -0.77570450 0.61467900 0.98955800 0.10079380 -0.10303200 0.51652181 0.07927948 0.00000000 0.00000000 0.00000000 0.00000000 0 0 0 0 0 0 0 0 255 0 0 0 0 0 0 0
-7.47726882 11.67228794 0.07752040 -0.84626690 -0.52558850 0.08711596 0.37889420 -0.47880430 0.79195050 0.37452850 -0.70320920 -0.60433860 0.58715153 0.14587432 0.00000000 0.00000000 0.00000000 0.00000000 0 0 0 0 0 0 0 0 255 0 0 0 0 0 0 0
-2.09775823 0.07628202 0.07751645 -0.90931260 -0.41029960 0.06931572 0.34068030 -0.63842180 0.69018440 0.23892970 -0.65120790 -0.72030600 0.58577049 0.12449068 0.00000000 0.00000000 0.00000000 0.00000000 0 0 0 0 0 0 0 0 255 0 0 0 0 0 0 0
-5.91937506 8.59963226 6.07356232 -0.84892310 -0.52239190 0.08022783 0.37685780 -0.49188030 0.78487710 0.37055100 -0.69653470 -0.61443600 0.60265058 0.14766991 0.00000000 0.00000000 0.00000000 0.00000000 0 0 0 0 0 0 0 0 255 0 0 0 0 0 0 0
-3.57938254 3.49794173 8.90260524 -0.86932460 -0.49108960 0.05572871 0.36188360 -0.55566300 0.74851780 0.33662280 -0.67087220 -0.66076880 0.60936981 0.14156878 0.00000000 0.00000000 0.00000000 0.00000000 0 0 0 0 0 0 0 0 255 0 0 0 0 0 0 0
-1.37333754 -2.17020297 9.37081355 -0.92995020 -0.36142560 0.06755883 0.31767260 -0.69725980 0.64258290 0.18513980 -0.61903170 -0.76323190 0.60895199 0.13335741 0.00000000 0.00000000 0.00000000 0.00000000 0 0 0 0 0 0 0 0 255 0 0 0 0 0 0 0
0.25049198 -8.44137096 6.78522223 -0.95630490 -0.28334360 0.07209303 0.27150800 -0.76916650 0.57850340 0.10846370 -0.57279950 -0.81248770 0.59551293 0.12395543 0.00000000 0.00000000 0.00000000 0.00000000 0 0 0 0 0 0 0 0 255 0 0 0 0 0 0 0
1.51671684 -10.19910336 0.07751254 -0.95424720 -0.29379240 0.05566125 0.26951210 -0.76442240 0.58568050 0.12951980 -0.57388530 -0.80862850 0.58357811 0.11847979 0.00000000 0.00000000 0.00000000 0.00000000 0 0 0 0 0 0 0 0 255 0 0 0 0 0 0 0
6.10364377 11.32053661 7.89459532 -0.01403477 0.15098100 -0.98843710 -0.00031135 0.98853370 0.15100010 0.99990140 0.00242700 -0.01382683 0.51636797 0.08293217 0.00000000 0.00000000 0.00000000 0.00000000 0 0 0 0 0 0 0 0 255 0 0 0 0 0 0 0
7.27121675 9.25042534 7.54468459 -0.01403477 0.15098100 -0.98843710 -0.00031135 0.98853370 0.15100020 0.99990150 0.00242700 -0.01382684 0.51082981 0.07962090 0.00000000 0.00000000 0.00000000 0.00000000 0 0 0 0 0 0 0 0 255 0 0 0 0 0 0 0
6.47118413 9.01978970 7.52080458 -0.01403477 0.15098100 -0.98843710 -0.00031135 0.98853370 0.15100010 0.99990140 0.00242700 -0.01382683 0.51064062 0.08187163 0.00000000 0.00000000 0.00000000 0.00000000 0 0 0 0 0 0 0 0 255 0 0 0 0 0 0 0
7.27121675 9.25042534 7.54468459 0.05813581 0.19234280 -0.97960420 -0.19878930 0.96384330 0.17745080 0.97831640 0.18441860 0.09426951 0.51082981 0.07962090 0.00000000 0.00000000 0.00000000 0.00000000 0 0 0 0 0 0 0 0 255 0 0 0 0 0 0 0
6.10364377 11.32053661 7.89459532 0.05813581 0.19234280 -0.97960420 -0.19878940 0.96384340 0.17745080 0.97831650 0.18441870 0.09426953 0.51636797 0.08293217 0.00000000 0.00000000 0.00000000 0.00000000 0 0 0 0 0 0 0 0 255 0 0 0 0 0 0 0
6.92217577 11.46739674 7.97714013 0.05813581 0.19234280 -0.97960420 -0.19878930 0.96384330 0.17745080 0.97831640 0.18441860 0.09426951 0.51652181 0.07927948 0.00000000 0.00000000 0.00000000 0.00000000 0 0 0 0 0 0 0 0 255 0 0 0 0 0 0 0
5.70344865 14.20765781 1.69146532 0.98583020 0.16745410 0.00989687 0.08240573 -0.53483680 0.84092750 0.14611000 -0.82819620 -0.54105750 0.49674159 0.08262825 0.00000000 0.00000000 0.00000000 0.00000000 0 0 0 0 0 0 0 0 255 0 0 0 0 0 0 0
6.47118413 9.01978970 7.52080458 0.98583580 0.16742250 0.00986666 0.08017838 -0.52215340 0.84907440 0.14730610 -0.83625680 -0.52818120 0.51064062 0.08187163 0.00000000 0.00000000 0.00000000 0.00000000 0 0 0 0 0 0 0 0 255 0 0 0 0 0 0 0
5.95550954 12.63443089 1.36577326 0.98582800 0.16746610 0.00990838 0.08325009 -0.53963890 0.83777040 0.14564510 -0.82507260 -0.54593270 0.49850640 0.08179009 0.00000000 0.00000000 0.00000000 0.00000000 0 0 0 0 0 0 0 0 255 0 0 0 0 0 0 0
6.10364377 11.32053661 7.89459532 0.98583750 0.16741350 0.00985803 0.07953890 -0.51850780 0.85136550 0.14764160 -0.83852400 -0.52448030 0.51636797 0.08293217 0.00000000 0.00000000 0.00000000 0.00000000 0 0 0 0 0 0 0 0 255 0 0 0 0 0 0 0
6.49244821 14.31948566 1.71361834 0.00029781 -0.19393500 0.98101440 0.18200090 -0.96461940 -0.19074920 0.98329850 0.17860230 0.03500908 0.49678871 0.07909602 0.00000000 0.00000000 0.00000000 0.00000000 0 0 0 0 0 0 0 0 255 0 0 0 0 0 0 0
5.95550954 12.63443089 1.36577326 0.00030367 -0.19393680 0.98101400 0.36392040 -0.91372450 -0.18074700 0.93143000 0.35706590 0.07030009 0.49850640 0.08179009 0.00000000 0.00000000 0.00000000 0.00000000 0 0 0 0 0 0 0 0 255 0 0 0 0 0 0 0
6.74449575 12.74624729 1.38791269 0.00030802 -0.19393820 0.98101360 0.48784870 -0.85632540 -0.16944160 0.87292810 0.47863840 0.09434873 0.49855351 0.08021146 0.00000000 0.00000000 0.00000000 0.00000000 0 0 0 0 0 0 0 0 255 0 0 0 0 0 0 0
5.70344865 14.20765781 1.69146532 0.00029345 -0.19393370 0.98101460 0.04585596 -0.97998010 -0.19374290 0.99894810 0.04504222 0.00860544 0.49674159 0.08262825 0.00000000 0.00000000 0.00000000 0.00000000 0 0 0 0 0 0 0 0 255 0 0 0 0 0 0 0
6.92217577 11.46739674 7.97714013 -0.98613190 -0.16592120 -0.00373132 0.13412840 -0.81001380 0.57086530 -0.09774105 0.56244800 0.82103520 0.51652181 0.07927948 0.00000000 0.00000000 0.00000000 0.00000000 0 0 0 0 0 0 0 0 255 0 0 0 0 0 0 0
6.74449575 12.74624729 1.38791269 -0.98613190 -0.16592120 -0.00373132 0.13412840 -0.81001380 0.57086530 -0.09774105 0.56244800 0.82103520 0.49855351 0.08021146 0.00000000 0.00000000 0.00000000 0.00000000 0 0 0 0 0 0 0 0 255 0 0 0 0 0 0 0
7.27121675 9.25042534 7.54468459 -0.98613190 -0.16592120 -0.00373132 0.13412840 -0.81001380 0.57086530 -0.09774105 0.56244800 0.82103520 0.51082981 0.07962090 0.00000000 0.00000000 0.00000000 0.00000000 0 0 0 0 0 0 0 0 255 0 0 0 0 0 0 0
6.74449575 12.74624729 1.38791269 -0.98568420 -0.16854760 -0.00427833 0.06340303 -0.39406170 0.91689440 -0.15622630 0.90349710 0.39910680 0.49855351 0.08021146 0.00000000 0.00000000 0.00000000 0.00000000 0 0 0 0 0 0 0 0 255 0 0 0 0 0 0 0
6.92217577 11.46739674 7.97714013 -0.98568420 -0.16854760 -0.00427833 0.06340304 -0.39406170 0.91689450 -0.15622630 0.90349720 0.39910680 0.51652181 0.07927948 0.00000000 0.00000000 0.00000000 0.00000000 0 0 0 0 0 0 0 0 255 0 0 0 0 0 0 0
6.49244821 14.31948566 1.71361834 -0.98568420 -0.16854760 -0.00427833 0.06340303 -0.39406170 0.91689440 -0.15622630 0.90349710 0.39910680 0.49678871 0.07909602 0.00000000 0.00000000 0.00000000 0.00000000 0 0 0 0 0 0 0 0 255 0 0 0 0 0 0 0
-0.75536776 13.67794609 0.07752524 -0.20652410 0.88594460 0.41527080 0.06268177 -0.41156910 0.90922050 0.97643160 0.21380590 0.02946637 0.49123871 0.11120009 0.00000000 0.00000000 0.00000000 0.00000000 0 0 0 0 0 0 0 0 255 0 0 0 0 0 0 0
5.70344865 14.20765781 1.69146532 -0.06906238 0.95089640 0.30170560 0.04935315 -0.29880080 0.95303840 0.99639070 0.08070922 -0.02629384 0.49674159 0.08262825 0.00000000 0.00000000 0.00000000 0.00000000 0 0 0 0 0 0 0 0 255 0 0 0 0 0 0 0
5.64136446 14.61608982 0.07752534 -0.01439947 0.96639410 0.25666130 0.04141716 -0.25589120 0.96581800 0.99903820 0.02453745 -0.03634060 0.49123260 0.08263069 0.00000000 0.00000000 0.00000000 0.00000000 0 0 0 0 0 0 0 0 255 0 0 0 0 0 0 0
6.10364377 11.32053661 7.89459532 -0.09848627 0.58841650 0.80253760 0.14395380 -0.78955170 0.59656110 0.98467140 0.17428140 -0.00694475 0.51636797 0.08293217 0.00000000 0.00000000 0.00000000 0.00000000 0 0 0 0 0 0 0 0 255 0 0 0 0 0 0 0
2.33719146 4.48501301 10.35794562 -0.18359500 0.18857600 0.96474450 0.15952930 -0.96270070 0.21853560 0.96997070 0.19402710 0.14666360 0.54063147 0.10410613 0.00000000 0.00000000 0.00000000 0.00000000 0 0 0 0 0 0 0 0 255 0 0 0 0 0 0 0
7.00952661 5.29607582 10.74762839 -0.10905650 0.24690910 0.96288240 0.16420870 -0.95087680 0.26242890 0.98037860 0.18673320 0.06315468 0.54079962 0.08343816 0.00000000 0.00000000 0.00000000 0.00000000 0 0 0 0 0 0 0 0 255 0 0 0 0 0 0 0
0.35323167 10.68042755 7.52890223 -0.20472640 0.66870040 0.71479150 0.12102050 -0.70736330 0.69641310 0.97130910 0.22907860 0.06388951 0.51446378 0.10832042 0.00000000 0.00000000 0.00000000 0.00000000 0 0 0 0 0 0 0 0 255 0 0 0 0 0 0 0
16.67195451 -5.51226711 5.84009951 0.26418940 -0.70127870 0.66212710 0.06623951 -0.67170450 -0.73785200 0.96219360 0.23879170 -0.13100490 0.58627069 0.04732841 0.00000000 0.00000000 0.00000000 0.00000000 0 0 0 0 0 0 0 0 255 0 0 0 0 0 0 0
20.33485925 -6.73543453 0.07751645 0.24038110 -0.89764620 0.36938890 0.01114277 -0.37797020 -0.92575070 0.97061470 0.22664900 -0.08085462 0.60756302 0.03105283 0.00000000 0.00000000 0.00000000 0.00000000 0 0 0 0 0 0 0 0 255 0 0 0 0 0 0 0
20.05323160 -4.86629009 5.49648494 0.18705210 -0.74140240 0.64446410 0.06107849 -0.64599640 -0.76089290 0.98044930 0.18168950 -0.07555121 0.58589751 0.03220594 0.00000000 0.00000000 0.00000000 0.00000000 0 0 0 0 0 0 0 0 255 0 0 0 0 0 0 0
17.01381433 -7.78121471 0.07751644 0.28726550 -0.88117750 0.37550610 0.01295443 -0.38841980 -0.92139150 0.95776340 0.26954840 -0.10016450 0.60935092 0.04609340 0.00000000 0.00000000 0.00000000 0.00000000 0 0 0 0 0 0 0 0 255 0 0 0 0 0 0 0
15.70063531 0.93426609 9.44489592 0.17025860 -0.18947200 0.96701200 0.13899820 -0.96691040 -0.21392500 0.97554680 0.17083550 -0.13828860 0.56261247 0.04824674 0.00000000 0.00000000 0.00000000 0.00000000 0 0 0 0 0 0 0 0 255 0 0 0 0 0 0 0
19.05782449 1.74021339 9.34281176 0.07752284 -0.19013120 0.97869310 0.14021310 -0.96981200 -0.19951220 0.98708180 0.15269240 -0.04852368 0.56171769 0.03317833 0.00000000 0.00000000 0.00000000 0.00000000 0 0 0 0 0 0 0 0 255 0 0 0 0 0 0 0
14.85631692 6.53793097 9.02631491 0.10034410 0.29646570 0.94975740 0.16626390 -0.94614910 0.27777330 0.98096240 0.13003750 -0.14423200 0.54051542 0.04831505 0.00000000 0.00000000 0.00000000 0.00000000 0 0 0 0 0 0 0 0 255 0 0 0 0 0 0 0
18.27826059 6.91411638 8.82466811 0.02144820 0.28651680 0.95783510 0.16676000 -0.94565930 0.27914050 0.98576410 0.15374150 -0.06806223 0.54125869 0.03321433 0.00000000 0.00000000 0.00000000 0.00000000 0 0 0 0 0 0 0 0 255 0 0 0 0 0 0 0
9.76917589 -7.56407261 7.86545199 0.11634820 -0.73216810 0.67111330 0.06555435 -0.66856790 -0.74075600 0.99104270 0.13018000 -0.02978987 0.58600909 0.07882500 0.00000000 0.00000000 0.00000000 0.00000000 0 0 0 0 0 0 0 0 255 0 0 0 0 0 0 0
10.17056119 -10.22803211 0.07751255 0.15560900 -0.91263530 0.37799830 0.01157677 -0.38094850 -0.92452380 0.98775090 0.14824020 -0.04871364 0.61414891 0.07726842 0.00000000 0.00000000 0.00000000 0.00000000 0 0 0 0 0 0 0 0 255 0 0 0 0 0 0 0
8.68397939 -0.36175919 11.27438754 0.10106460 -0.18294700 0.97791430 0.14049470 -0.97047220 -0.19607440 0.98490980 0.15720790 -0.07237732 0.56369889 0.07982969 0.00000000 0.00000000 0.00000000 0.00000000 0 0 0 0 0 0 0 0 255 0 0 0 0 0 0 0
7.81055295 5.43512440 10.80617923 0.03560076 0.26578080 0.96337590 0.16444600 -0.95240460 0.25667700 0.98574340 0.14928540 -0.07761291 0.54082477 0.07989317 0.00000000 0.00000000 0.00000000 0.00000000 0 0 0 0 0 0 0 0 255 0 0 0 0 0 0 0
6.05519331 -7.97700787 7.83014935 -0.07395309 -0.77431580 0.62846310 0.05910869 -0.63248420 -0.77231470 0.99550840 -0.01996743 0.09254295 0.58535779 0.09493768 0.00000000 0.00000000 0.00000000 0.00000000 0 0 0 0 0 0 0 0 255 0 0 0 0 0 0 0
6.43131578 -10.41537952 0.07751254 0.00977025 -0.91767610 0.39720910 0.01446947 -0.39705680 -0.91768000 0.99984750 0.01471337 0.00939894 0.61238909 0.09358448 0.00000000 0.00000000 0.00000000 0.00000000 0 0 0 0 0 0 0 0 255 0 0 0 0 0 0 0
4.34106672 -1.11563778 10.82615012 -0.14357200 -0.26884340 0.95242330 0.13550120 -0.95867040 -0.25018090 0.98031960 0.09313555 0.17406690 0.56350547 0.09902287 0.00000000 0.00000000 0.00000000 0.00000000 0 0 0 0 0 0 0 0 255 0 0 0 0 0 0 0
6.47118413 9.01978970 7.52080458 -0.22930670 0.82624170 0.51453190 0.05316304 -0.51719680 0.85421380 0.97190130 0.22323100 0.07467119 0.51064062 0.08187163 0.00000000 0.00000000 0.00000000 0.00000000 0 0 0 0 0 0 0 0 255 0 0 0 0 0 0 0
6.74449575 12.74624729 1.38791269 -0.13285980 0.83926490 0.52724070 0.08347368 -0.52059160 0.84971550 0.98761340 0.15690380 -0.00089081 0.49855351 0.08021146 0.00000000 0.00000000 0.00000000 0.00000000 0 0 0 0 0 0 0 0 255 0 0 0 0 0 0 0
5.95550954 12.63443089 1.36577326 -0.12393020 0.84005630 0.52815400 0.08627575 -0.52111940 0.84911190 0.98853310 0.15079750 -0.00789403 0.49850640 0.08179009 0.00000000 0.00000000 0.00000000 0.00000000 0 0 0 0 0 0 0 0 255 0 0 0 0 0 0 0
7.27121675 9.25042534 7.54468459 -0.23812020 0.82463430 0.51310540 0.05043785 -0.51708940 0.85444410 0.96992520 0.22934030 0.08153664 0.51082981 0.07962090 0.00000000 0.00000000 0.00000000 0.00000000 0 0 0 0 0 0 0 0 255 0 0 0 0 0 0 0
0.25049198 -8.44137096 6.78522223 -0.04129009 -0.74024200 0.67107140 0.06613721 -0.67219610 -0.73741330 0.99695590 0.01393493 0.07671258 0.58547330 0.11597931 0.00000000 0.00000000 0.00000000 0.00000000 0 0 0 0 0 0 0 0 255 0 0 0 0 0 0 0
1.51671684 -10.19910336 0.07751254 -0.04296836 -0.92871630 0.36829290 0.00955801 -0.36899860 -0.92938080 0.99903060 -0.03641382 0.02473195 0.60831368 0.11473978 0.00000000 0.00000000 0.00000000 0.00000000 0 0 0 0 0 0 0 0 255 0 0 0 0 0 0 0
-1.37333754 -2.17020297 9.37081355 -0.20987160 -0.29502650 0.93215520 0.13487360 -0.95300940 -0.27126040 0.96838160 0.06879330 0.23980090 0.56287777 0.11853892 0.00000000 0.00000000 0.00000000 0.00000000 0 0 0 0 0 0 0 0 255 0 0 0 0 0 0 0
-3.57938254 3.49794173 8.90260524 -0.27880600 0.17795610 0.94371540 0.15075110 -0.96238850 0.22601440 0.94844140 0.20528030 0.24149260 0.54000372 0.12670618 0.00000000 0.00000000 0.00000000 0.00000000 0 0 0 0 0 0 0 0 255 0 0 0 0 0 0 0
-5.91937506 8.59963226 6.07356232 -0.32330120 0.67091170 0.66734830 0.10486670 -0.67547660 0.72988660 0.94046760 0.30595580 0.14802610 0.51296508 0.13680547 0.00000000 0.00000000 0.00000000 0.00000000 0 0 0 0 0 0 0 0 255 0 0 0 0 0 0 0
-7.47726882 11.67228794 0.07752040 -0.27819900 0.83471660 0.47524050 0.06334105 -0.47775270 0.87620790 0.95843280 0.27386250 0.08003850 0.49122769 0.14455622 0.00000000 0.00000000 0.00000000 0.00000000 0 0 0 0 0 0 0 0 255 0 0 0 0 0 0 0
6.29265726 10.06601429 -7.15082198 0.08615769 -0.14362760 0.98587420 -0.27981630 0.94623430 0.16230640 0.95617970 0.28984760 -0.04133601 0.51636797 0.08293217 0.00000000 0.00000000 0.00000000 0.00000000 0 0 0 0 0 0 0 0 255 0 0 0 0 0 0 0
7.55722654 9.30008125 -7.38964444 0.08615769 -0.14362760 0.98587420 -0.27981630 0.94623430 0.16230650 0.95617970 0.28984760 -0.04133601 0.51082981 0.07962090 0.00000000 0.00000000 0.00000000 0.00000000 0 0 0 0 0 0 0 0 255 0 0 0 0 0 0 0
7.39719617 10.26252174 -7.22715265 0.08615769 -0.14362760 0.98587420 -0.27981630 0.94623430 0.16230640 0.95617970 0.28984760 -0.04133601 0.51652181 0.07927948 0.00000000 0.00000000 0.00000000 0.00000000 0 0 0 0 0 0 0 0 255 0 0 0 0 0 0 0
7.55722654 9.30008125 -7.38964444 0.06368523 -0.18093600 0.98143080 0.27658660 0.94810320 0.15684400 0.95887640 -0.26146190 -0.11042460 0.51082981 0.07962090 0.00000000 0.00000000 0.00000000 0.00000000 0 0 0 0 0 0 0 0 255 0 0 0 0 0 0 0
6.29265726 10.06601429 -7.15082198 0.06368523 -0.18093600 0.98143080 0.27658660 0.94810330 0.15684400 0.95887650 -0.26146200 -0.11042470 0.51636797 0.08293217 0.00000000 0.00000000 0.00000000 0.00000000 0 0 0 0 0 0 0 0 255 0 0 0 0 0 0 0
6.47118604 9.01979780 -7.36575586 0.06368523 -0.18093600 0.98143080 0.27658660 0.94810330 0.15684400 0.95887650 -0.26146200 -0.11042470 0.51064062 0.08187163 0.00000000 0.00000000 0.00000000 0.00000000 0 0 0 0 0 0 0 0 255 0 0 0 0 0 0 0
5.79953706 13.56993008 -1.53642243 0.98264040 0.18408870 -0.02300337 0.08808500 -0.57208290 -0.81545210 0.16327540 -0.79926990 0.57836720 0.49674159 0.08262825 0.00000000 0.00000000 0.00000000 0.00000000 0 0 0 0 0 0 0 0 255 0 0 0 0 0 0 0
6.47118604 9.01979780 -7.36575586 0.98264040 0.18408870 -0.02300337 0.08808500 -0.57208290 -0.81545210 0.16327540 -0.79926990 0.57836720 0.51064062 0.08187163 0.00000000 0.00000000 0.00000000 0.00000000 0 0 0 0 0 0 0 0 255 0 0 0 0 0 0 0
6.29265726 10.06601429 -7.15082198 0.98264040 0.18408870 -0.02300337 0.08808499 -0.57208290 -0.81545200 0.16327540 -0.79926990 0.57836720 0.51636797 0.08293217 0.00000000 0.00000000 0.00000000 0.00000000 0 0 0 0 0 0 0 0 255 0 0 0 0 0 0 0
6.47118604 9.01979780 -7.36575586 0.98581010 0.16761620 -0.00913171 0.07186658 -0.47058370 -0.87942380 0.15170290 -0.86628860 0.47595220 0.51064062 0.08187163 0.00000000 0.00000000 0.00000000 0.00000000 0 0 0 0 0 0 0 0 255 0 0 0 0 0 0 0
5.79953706 13.56993008 -1.53642243 0.98581010 0.16761620 -0.00913171 0.07186657 -0.47058370 -0.87942380 0.15170290 -0.86628860 0.47595220 0.49674159 0.08262825 0.00000000 0.00000000 0.00000000 0.00000000 0 0 0 0 0 0 0 0 255 0 0 0 0 0 0 0
6.05159652 11.99670124 -1.21072251 0.98581010 0.16761620 -0.00913171 0.07186658 -0.47058370 -0.87942380 0.15170290 -0.86628860 0.47595220 0.49850640 0.08179009 0.00000000 0.00000000 0.00000000 0.00000000 0 0 0 0 0 0 0 0 255 0 0 0 0 0 0 0
6.87453115 13.73140240 -1.55856866 0.00838170 -0.19259250 -0.98124300 0.23641370 -0.95307710 0.18908370 0.97161630 0.23356410 -0.03754311 0.49678871 0.07909602 0.00000000 0.00000000 0.00000000 0.00000000 0 0 0 0 0 0 0 0 255 0 0 0 0 0 0 0
6.05159652 11.99670124 -1.21072251 0.00838094 -0.19259220 -0.98124310 0.37373880 -0.90955980 0.18171480 0.92749610 0.36825150 -0.06435619 0.49850640 0.08179009 0.00000000 0.00000000 0.00000000 0.00000000 0 0 0 0 0 0 0 0 255 0 0 0 0 0 0 0
5.79953706 13.56993008 -1.53642243 0.00838300 -0.19259320 -0.98124290 0.00240147 -0.98127070 0.19261910 0.99996200 0.00397115 0.00776349 0.49674159 0.08262825 0.00000000 0.00000000 0.00000000 0.00000000 0 0 0 0 0 0 0 0 255 0 0 0 0 0 0 0
7.12659109 12.15817356 -1.23287171 0.00837963 -0.19259150 -0.98124320 0.58047000 -0.79808530 0.16159970 0.81423850 0.57093640 -0.10510600 0.49855351 0.08021146 0.00000000 0.00000000 0.00000000 0.00000000 0 0 0 0 0 0 0 0 255 0 0 0 0 0 0 0
7.39719617 10.26252174 -7.22715265 -0.98571960 -0.16830240 0.00558830 0.08130915 -0.50475060 -0.85942750 -0.14746440 0.84670010 -0.51122710 0.51652181 0.07927948 0.00000000 0.00000000 0.00000000 0.00000000 0 0 0 0 0 0 0 0 255 0 0 0 0 0 0 0
7.12659109 12.15817356 -1.23287171 -0.98571960 -0.16830240 0.00558830 0.08130915 -0.50475070 -0.85942760 -0.14746450 0.84670020 -0.51122710 0.49855351 0.08021146 0.00000000 0.00000000 0.00000000 0.00000000 0 0 0 0 0 0 0 0 255 0 0 0 0 0 0 0
6.87453115 13.73140240 -1.55856866 -0.98571960 -0.16830240 0.00558830 0.08130915 -0.50475060 -0.85942750 -0.14746440 0.84670010 -0.51122710 0.49678871 0.07909602 0.00000000 0.00000000 0.00000000 0.00000000 0 0 0 0 0 0 0 0 255 0 0 0 0 0 0 0
7.12659109 12.15817356 -1.23287171 -0.98422140 -0.17673920 0.00845853 0.09898621 -0.58959620 -0.80160970 -0.14666300 0.78812410 -0.59778800 0.49855351 0.08021146 0.00000000 0.00000000 0.00000000 0.00000000 0 0 0 0 0 0 0 0 255 0 0 0 0 0 0 0
