// CivNexus6 CN6 - Exported from Blender for import to CivNexus6
skeleton
0 "Knight_European_Helm_A" -1 0.00000000 0.00000000 0.00000000 0.00000000 0.00000000 0.00000000 1.00000000 1.00000000 0.00000000 0.00000000 0.00000000 0.00000000 1.00000000 0.00000000 0.00000000 0.00000000 0.00000000 1.00000000 0.00000000 0.00000000 0.00000000 0.00000000 1.00000000
meshes:1
mesh:"Helm_Mesh"
materials
"Material"
vertices
17.42639351 -10.81001854 -0.00862894 0.00086322 -0.99999958 0.00002031 0.01264166 0.00001090 0.00000000 0.99991971 0.00086316 -0.00000020 0.13091278 0.38916671 0.00000000 0.00000000 0.00000000 0.00000000 0 0 0 0 0 0 0 0 255 0 0 0 0 0 0 0
10.01914310 -9.46458912 -4.48176813 -0.01960363 -0.86346704 -0.50402397 0.02182964 -0.50437039 0.86321133 0.99956930 -0.00591941 -0.02873666 0.11642051 0.45059848 0.00000000 0.00000000 0.00000000 0.00000000 0 0 0 0 0 0 0 0 255 0 0 0 0 0 0 0
17.36412430 -9.33325672 -5.09488058 -0.03866200 -0.86687857 -0.49701792 0.02133820 -0.49799258 0.86691868 0.99902451 -0.02291135 -0.03775102 0.11554837 0.38916367 0.00000000 0.00000000 0.00000000 0.00000000 0 0 0 0 0 0 0 0 255 0 0 0 0 0 0 0
10.08177662 -10.91083050 -0.00947154 0.01372468 -0.99990577 -0.00002320 0.00956387 0.00013124 -0.00000003 0.99986002 0.01372405 0.00000008 0.13084960 0.45059848 0.00000000 0.00000000 0.00000000 0.00000000 0 0 0 0 0 0 0 0 255 0 0 0 0 0 0 0
9.84980202 -5.55437994 -8.47745419 -0.11194038 -0.48935938 -0.86486810 0.03645973 -0.87177479 0.48854834 0.99304593 -0.02315543 -0.11542870 0.09748435 0.45059848 0.00000000 0.00000000 0.00000000 0.00000000 0 0 0 0 0 0 0 0 255 0 0 0 0 0 0 0
17.19158745 -5.28823900 -9.69502258 -0.12156422 -0.46956253 -0.87449026 0.03612801 -0.88253361 0.46885926 0.99192578 -0.02540292 -0.12424888 0.09679294 0.38915884 0.00000000 0.00000000 0.00000000 0.00000000 0 0 0 0 0 0 0 0 255 0 0 0 0 0 0 0
9.58982658 1.87286353 -9.75543022 -0.15157962 0.09328737 -0.98403305 0.04290250 -0.99397731 -0.10083877 0.98751348 0.05750258 -0.14666444 0.07512474 0.45028281 0.00000000 0.00000000 0.00000000 0.00000000 0 0 0 0 0 0 0 0 255 0 0 0 0 0 0 0
16.89556313 2.21648550 -10.80379772 -0.13823286 0.10404690 -0.98491925 0.04274310 -0.99291307 -0.11089034 0.98947698 0.05742719 -0.13280593 0.07504630 0.38916224 0.00000000 0.00000000 0.00000000 0.00000000 0 0 0 0 0 0 0 0 255 0 0 0 0 0 0 0
9.24062634 8.51179314 -7.27689219 -0.12812735 0.60401070 -0.78660947 0.03575411 -0.78981805 -0.61229825 0.99111307 0.10657668 -0.07960143 0.03989315 0.45059848 0.00000000 0.00000000 0.00000000 0.00000000 0 0 0 0 0 0 0 0 255 0 0 0 0 0 0 0
16.54756737 9.60174274 -7.78369331 -0.14878225 0.65153748 -0.74388361 0.03365647 -0.74848396 -0.66229820 0.98829699 0.12357472 -0.08943268 0.03742254 0.38915735 0.00000000 0.00000000 0.00000000 0.00000000 0 0 0 0 0 0 0 0 255 0 0 0 0 0 0 0
16.42043877 12.80004311 -0.00862117 -0.07863121 0.99690378 0.00002019 -0.00487059 -0.00038417 0.00000000 0.99689192 0.07863028 0.00000044 0.01344383 0.38913667 0.00000000 0.00000000 0.00000000 0.00000000 0 0 0 0 0 0 0 0 255 0 0 0 0 0 0 0
9.12945271 11.07894611 -3.93094254 -0.07757823 0.88618624 -0.45678848 0.02591275 -0.45622224 -0.88948852 0.99664950 0.08084159 -0.01242939 0.02551305 0.45059848 0.00000000 0.00000000 0.00000000 0.00000000 0 0 0 0 0 0 0 0 255 0 0 0 0 0 0 0
9.07371712 12.36574364 -0.00946377 -0.05901169 0.99825722 -0.00002219 0.01430766 0.00084576 0.00000003 0.99815473 0.05900563 0.00000108 0.01344562 0.44996607 0.00000000 0.00000000 0.00000000 0.00000000 0 0 0 0 0 0 0 0 255 0 0 0 0 0 0 0
16.46554565 11.63626671 -4.25918150 -0.11293922 0.90678692 -0.40618026 0.01674609 -0.40700048 -0.91327441 0.99346083 0.10994643 -0.03078118 0.02527118 0.38914627 0.00000000 0.00000000 0.00000000 0.00000000 0 0 0 0 0 0 0 0 255 0 0 0 0 0 0 0
10.01914310 -9.46459293 4.46282911 -0.01971570 -0.86348134 0.50399518 0.02182866 -0.50434482 -0.86322641 0.99956727 -0.00601757 0.02879215 0.11642051 0.45059848 0.00000000 0.00000000 0.00000000 0.00000000 0 0 0 0 0 0 0 0 255 0 0 0 0 0 0 0
17.36412621 -9.33326054 5.07762671 -0.03878001 -0.86686248 0.49703684 0.02133922 -0.49801594 -0.86690515 0.99901986 -0.02301221 0.03781123 0.11554837 0.38916367 0.00000000 0.00000000 0.00000000 0.00000000 0 0 0 0 0 0 0 0 255 0 0 0 0 0 0 0
9.84980202 -5.55438471 8.45850563 -0.11213353 -0.48937508 0.86483419 0.03646062 -0.87176335 -0.48856854 0.99302399 -0.02325253 0.11559682 0.09748435 0.45059848 0.00000000 0.00000000 0.00000000 0.00000000 0 0 0 0 0 0 0 0 255 0 0 0 0 0 0 0
17.19158745 -5.28824472 9.67777920 -0.12176517 -0.46953943 0.87447470 0.03612933 -0.88254339 -0.46884105 0.99190128 -0.02549433 0.12442719 0.09679294 0.38915884 0.00000000 0.00000000 0.00000000 0.00000000 0 0 0 0 0 0 0 0 255 0 0 0 0 0 0 0
9.58982658 1.87285769 9.73649216 -0.15180264 0.09327696 0.98399967 0.04290305 -0.99397695 0.10084143 0.98747921 0.05752458 0.14688645 0.07512474 0.45028281 0.00000000 0.00000000 0.00000000 0.00000000 0 0 0 0 0 0 0 0 255 0 0 0 0 0 0 0
16.89554977 2.21647835 10.78655529 -0.13845617 0.10402956 0.98488969 0.04274353 -0.99291354 0.11088599 0.98944569 0.05745051 0.13302840 0.07504630 0.38916224 0.00000000 0.00000000 0.00000000 0.00000000 0 0 0 0 0 0 0 0 255 0 0 0 0 0 0 0
9.24062157 8.51178932 7.25796032 -0.12830487 0.60401195 0.78657961 0.03575265 -0.78980231 0.61231852 0.99109012 0.10668574 0.07974046 0.03989315 0.45059848 0.00000000 0.00000000 0.00000000 0.00000000 0 0 0 0 0 0 0 0 255 0 0 0 0 0 0 0
16.54756737 9.60173702 7.76645279 -0.14894809 0.65149355 0.74388885 0.03365674 -0.74850458 0.66227490 0.98827207 0.12368146 0.08956118 0.03742254 0.38915735 0.00000000 0.00000000 0.00000000 0.00000000 0 0 0 0 0 0 0 0 255 0 0 0 0 0 0 0
9.12944412 11.07894421 3.91200995 -0.07768136 0.88618845 0.45676646 0.02591228 -0.45620146 0.88949913 0.99664140 0.08093335 0.01247519 0.02551305 0.45059848 0.00000000 0.00000000 0.00000000 0.00000000 0 0 0 0 0 0 0 0 255 0 0 0 0 0 0 0
16.46554565 11.63626289 4.24195004 -0.11303573 0.90676820 0.40619490 0.01674695 -0.40701824 0.91326642 0.99344969 0.11003426 0.03082201 0.02527118 0.38914627 0.00000000 0.00000000 0.00000000 0.00000000 0 0 0 0 0 0 0 0 255 0 0 0 0 0 0 0
20.85197449 0.80112213 -0.15878348 0.97032744 0.03305145 -0.23952518 0.23931122 0.01034240 0.97088778 0.03456651 -0.99940014 0.00212593 0.04835618 0.95228517 0.00000000 0.00000000 0.00000000 0.00000000 0 0 0 0 0 0 0 0 255 0 0 0 0 0 0 0
17.42639351 -10.81001854 -0.00862894 0.95913613 -0.28294462 0.00054476 -0.00048776 0.00027198 0.99948242 -0.28280839 -0.95863712 0.00012285 0.04882812 0.92199707 0.00000000 0.00000000 0.00000000 0.00000000 0 0 0 0 0 0 0 0 255 0 0 0 0 0 0 0
17.36412430 -9.33325672 -5.09488058 0.95481604 -0.25142848 -0.15846202 0.16550219 0.00696549 0.98618484 -0.24685121 -0.96785092 0.04826272 0.03410435 0.92590624 0.00000000 0.00000000 0.00000000 0.00000000 0 0 0 0 0 0 0 0 255 0 0 0 0 0 0 0
17.19158745 -5.28823900 -9.69502258 0.95013231 -0.12108555 -0.28737918 0.29093882 0.01243754 0.95666081 -0.11226351 -0.99256408 0.04704580 0.02078784 0.93661416 0.00000000 0.00000000 0.00000000 0.00000000 0 0 0 0 0 0 0 0 255 0 0 0 0 0 0 0
16.89556313 2.21648550 -10.80379772 0.93768352 0.08265577 -0.33751705 0.33749858 0.01461969 0.94121248 0.08273103 -0.99647093 -0.01418756 0.01757812 0.95647776 0.00000000 0.00000000 0.00000000 0.00000000 0 0 0 0 0 0 0 0 255 0 0 0 0 0 0 0
16.54756737 9.60174274 -7.78369331 0.93792462 0.25585425 -0.23417093 0.23948683 0.01063960 0.97084129 0.25088534 -0.96665680 -0.05129458 0.02632070 0.97603166 0.00000000 0.00000000 0.00000000 0.00000000 0 0 0 0 0 0 0 0 255 0 0 0 0 0 0 0
16.46554565 11.63626671 -4.25918150 0.93520385 0.33233821 -0.12224979 0.12766527 0.00558012 0.99180156 0.33029574 -0.94314373 -0.03720950 0.03652358 0.98141682 0.00000000 0.00000000 0.00000000 0.00000000 0 0 0 0 0 0 0 0 255 0 0 0 0 0 0 0
16.42043877 12.80004311 -0.00862117 0.93806583 0.34645666 0.00048531 -0.00042291 -0.00025552 0.99962884 0.34633498 -0.93771544 -0.00009317 0.04882812 0.98449707 0.00000000 0.00000000 0.00000000 0.00000000 0 0 0 0 0 0 0 0 255 0 0 0 0 0 0 0
17.36412621 -9.33326054 5.07762671 0.95597011 -0.24766520 0.15742633 -0.16422854 -0.00691477 0.98639804 -0.24320790 -0.96882093 -0.04728401 0.06355190 0.92590624 0.00000000 0.00000000 0.00000000 0.00000000 0 0 0 0 0 0 0 0 255 0 0 0 0 0 0 0
20.85197449 0.80112213 -0.15878348 0.97169876 0.03326457 0.23386919 -0.23365992 -0.01010004 0.97226590 0.03470410 -0.99939543 -0.00204160 0.04835618 0.95228517 0.00000000 0.00000000 0.00000000 0.00000000 0 0 0 0 0 0 0 0 255 0 0 0 0 0 0 0
17.19158745 -5.28824472 9.67777920 0.95228094 -0.11712827 0.28185460 -0.28516680 -0.01220406 0.95840019 -0.10881598 -0.99304181 -0.04502279 0.07686841 0.93661416 0.00000000 0.00000000 0.00000000 0.00000000 0 0 0 0 0 0 0 0 255 0 0 0 0 0 0 0
16.89554977 2.21647835 10.78655529 0.94063628 0.08160125 0.32946104 -0.32942691 -0.01427040 0.94407320 0.08173909 -0.99656284 0.01345840 0.08007812 0.95647776 0.00000000 0.00000000 0.00000000 0.00000000 0 0 0 0 0 0 0 0 255 0 0 0 0 0 0 0
16.54756737 9.60173702 7.76645279 0.93984473 0.25175083 0.23089698 -0.23592308 -0.01046710 0.97171539 0.24704698 -0.96773553 0.04955638 0.07133555 0.97603166 0.00000000 0.00000000 0.00000000 0.00000000 0 0 0 0 0 0 0 0 255 0 0 0 0 0 0 0
16.46554565 11.63626289 4.24195004 0.93624550 0.32960963 0.12166309 -0.12694071 -0.00554995 0.99189478 0.32761329 -0.94410104 0.03664476 0.06113267 0.98141682 0.00000000 0.00000000 0.00000000 0.00000000 0 0 0 0 0 0 0 0 255 0 0 0 0 0 0 0
triangles
0 1 2 0
1 0 3 0
2 4 5 0
4 2 1 0
5 6 7 0
6 5 4 0
7 8 9 0
8 7 6 0
10 11 12 0
11 10 13 0
13 8 11 0
8 13 9 0
0 14 3 0
14 0 15 0
15 16 14 0
16 15 17 0
17 18 16 0
18 17 19 0
19 20 18 0
20 19 21 0
10 22 23 0
22 10 12 0
23 20 21 0
20 23 22 0
24 25 26 0
24 26 27 0
24 27 28 0
28 29 24 0
29 30 24 0
31 24 30 0
32 25 33 0
34 32 33 0
35 34 33 0
33 36 35 0
33 37 36 0
31 37 33 0
end