// CivNexus6 CN6 - Exported from Blender for import to CivNexus6
skeleton
0 "Knight_European_Helm_A" -1 0.00000000 0.00000000 0.00000000 0.00000000 0.00000000 0.00000000 1.00000000 1.00000000 0.00000000 0.00000000 0.00000000 0.00000000 1.00000000 0.00000000 0.00000000 0.00000000 0.00000000 1.00000000 0.00000000 0.00000000 0.00000000 0.00000000 1.00000000
meshes:1
mesh:"Crusader_Helm_B_Mesh"
materials
"Material"
vertices
19.83416066 9.67125593 -5.35606225 0.98649540 0.16378870 0.00000018 -0.16378840 0.98649360 -0.00195323 -0.00032009 0.00192683 0.99999810 0.37007770 0.23472142 0.00000000 0.00000000 0.00000000 0.00000000 0 0 0 0 0 0 0 0 255 0 0 0 0 0 0 0
19.52298054 11.68834768 -0.05348892 0.98649540 0.16378870 0.00000084 -0.16378810 0.98649170 0.00000242 -0.00044980 0.00270916 0.00000000 0.38073140 0.20894372 0.00000000 0.00000000 0.00000000 0.00000000 0 0 0 0 0 0 0 0 255 0 0 0 0 0 0 0
20.75249371 3.26347051 -0.05349284 0.98649540 0.16378880 0.00000050 -0.16378830 0.98649250 0.00029229 -0.00040219 0.00242240 0.00000066 0.33626929 0.20904732 0.00000000 0.00000000 0.00000000 0.00000000 0 0 0 0 0 0 0 0 255 0 0 0 0 0 0 0
21.10301289 0.99133096 -8.13840230 0.98649540 0.16378880 0.00000005 -0.16378850 0.98649370 -0.00188581 -0.00030892 0.00186034 0.99999830 0.32429409 0.24825090 0.00000000 0.00000000 0.00000000 0.00000000 0 0 0 0 0 0 0 0 255 0 0 0 0 0 0 0
22.00537381 -4.85793032 -0.05349861 0.98649540 0.16378850 0.00000034 -0.16378790 0.98649170 -0.00000055 -0.00045026 0.00271189 0.00000003 0.28265700 0.20915538 0.00000000 0.00000000 0.00000000 0.00000000 0 0 0 0 0 0 0 0 255 0 0 0 0 0 0 0
19.83415112 9.67124830 5.24907939 0.98649540 0.16378900 0.00000113 -0.16378840 0.98649170 0.00274767 -0.00044892 0.00271075 -0.99999630 0.37007779 0.23468572 0.00000000 0.00000000 0.00000000 0.00000000 0 0 0 0 0 0 0 0 255 0 0 0 0 0 0 0
21.10301289 0.99132143 8.03141276 0.98649540 0.16378880 0.00000075 -0.16378820 0.98649170 0.00274749 -0.00044927 0.00271051 -0.99999620 0.32429421 0.24828571 0.00000000 0.00000000 0.00000000 0.00000000 0 0 0 0 0 0 0 0 255 0 0 0 0 0 0 0
19.83416066 9.67125593 -5.35606225 0.98649530 0.16378980 -0.00000217 0.15476630 -0.93215160 -0.32732360 0.05361428 -0.32290290 0.94491230 0.30616480 0.19580013 0.00000000 0.00000000 0.00000000 0.00000000 0 0 0 0 0 0 0 0 255 0 0 0 0 0 0 0
21.10301289 0.99133096 -8.13840230 0.98649540 0.16378930 -0.00000111 0.57738320 -0.46607590 -0.16366180 0.02680714 -0.16145140 0.55435060 0.34939590 0.19580013 0.00000000 0.00000000 0.00000000 0.00000000 0 0 0 0 0 0 0 0 255 0 0 0 0 0 0 0
20.37770161 6.14794336 -7.68287214 0.98649530 0.16378980 -0.00000217 0.15476630 -0.93215170 -0.32732360 0.05361428 -0.32290290 0.94491240 0.32083449 0.19608712 0.00000000 0.00000000 0.00000000 0.00000000 0 0 0 0 0 0 0 0 255 0 0 0 0 0 0 0
22.00537381 -4.85793032 -0.05349861 0.98649530 0.16378950 0.00000055 1.00000000 0.00000000 0.00000000 0.00000000 -0.00000055 0.16378950 0.38978970 0.19580013 0.00000000 0.00000000 0.00000000 0.00000000 0 0 0 0 0 0 0 0 255 0 0 0 0 0 0 0
21.84286389 -3.80450167 -4.56455644 0.98649540 0.16378880 -0.00000005 1.00000000 0.00000000 0.00000000 0.00000000 0.00000005 0.16378880 0.36964720 0.19580013 0.00000000 0.00000000 0.00000000 0.00000000 0 0 0 0 0 0 0 0 255 0 0 0 0 0 0 0
13.54676136 11.08144270 -6.96458705 0.18301750 0.76418900 -0.61848190 0.10260320 -0.64051960 -0.76105670 0.97774090 -0.07582845 0.19563460 0.29940960 0.22279131 0.00000000 0.00000000 0.00000000 0.00000000 0 0 0 0 0 0 0 0 255 0 0 0 0 0 0 0
19.52298054 11.68834768 -0.05348892 0.26992590 0.90607560 -0.32583260 0.05864957 -0.35323650 -0.93369380 0.96109310 -0.23291820 0.14848860 0.27358270 0.19637400 0.00000000 0.00000000 0.00000000 0.00000000 0 0 0 0 0 0 0 0 255 0 0 0 0 0 0 0
19.83416066 9.67125593 -5.35606225 0.29747960 0.76313720 -0.57369630 0.09362001 -0.62132100 -0.77794320 0.95012690 -0.17771280 0.25627520 0.29339159 0.19637400 0.00000000 0.00000000 0.00000000 0.00000000 0 0 0 0 0 0 0 0 255 0 0 0 0 0 0 0
13.13362202 13.75953279 -0.05348704 0.18035290 0.92812730 -0.32565700 0.05668541 -0.34034350 -0.93859090 0.98196710 -0.15081760 0.11399320 0.27359441 0.22279131 0.00000000 0.00000000 0.00000000 0.00000000 0 0 0 0 0 0 0 0 255 0 0 0 0 0 0 0
7.76234040 13.84803282 -1.57821329 0.00091262 0.96711110 -0.25435280 0.04240439 -0.25416150 -0.96623170 0.99910010 0.00990387 0.04124171 0.27925771 0.24610889 0.00000000 0.00000000 0.00000000 0.00000000 0 0 0 0 0 0 0 0 255 0 0 0 0 0 0 0
7.71951374 14.12466989 -0.05348891 0.00931857 0.97883500 -0.20443830 0.03397844 -0.20463910 -0.97824750 0.99937900 -0.00216938 0.03516623 0.27359930 0.24610960 0.00000000 0.00000000 0.00000000 0.00000000 0 0 0 0 0 0 0 0 255 0 0 0 0 0 0 0
8.20397648 10.98528085 -7.67212804 0.09763865 0.76849310 -0.63236470 0.10564830 -0.63981400 -0.76123360 0.98959850 -0.00751754 0.14366060 0.30205661 0.24610889 0.00000000 0.00000000 0.00000000 0.00000000 0 0 0 0 0 0 0 0 255 0 0 0 0 0 0 0
0.54616007 -12.57689394 -0.05350805 -0.94161390 -0.32684800 -0.08082998 -0.07094040 0.42727310 -0.90133530 0.32913610 -0.84297570 -0.42551300 0.28483570 0.24665838 0.00000000 0.00000000 0.00000000 0.00000000 0 0 0 0 0 0 0 0 255 0 0 0 0 0 0 0
-3.16941658 -1.05660261 -0.05350048 -0.91339490 -0.39400150 -0.10233630 -0.06806360 0.39567190 -0.91586630 0.40134430 -0.82958220 -0.38822190 0.28483570 0.24764448 0.00000000 0.00000000 0.00000000 0.00000000 0 0 0 0 0 0 0 0 255 0 0 0 0 0 0 0
0.01499113 -9.13375010 -7.20828517 -0.94210490 -0.32479530 -0.08334439 -0.07346582 0.44244540 -0.89378120 0.32717130 -0.83591280 -0.44069140 0.29922760 0.24665838 0.00000000 0.00000000 0.00000000 0.00000000 0 0 0 0 0 0 0 0 255 0 0 0 0 0 0 0
-1.72165552 -3.08719744 -9.32299169 -0.93767700 -0.33759420 -0.08241308 -0.06975909 0.41518750 -0.90705720 0.34043410 -0.84477770 -0.41286210 0.30348140 0.24706739 0.00000000 0.00000000 0.00000000 0.00000000 0 0 0 0 0 0 0 0 255 0 0 0 0 0 0 0
-4.92282739 3.09076248 -8.57255300 -0.89980380 -0.42299540 -0.10690160 -0.05963595 0.36196450 -0.93028230 0.43219970 -0.83069630 -0.35092280 0.30197191 0.24767351 0.00000000 0.00000000 0.00000000 0.00000000 0 0 0 0 0 0 0 0 255 0 0 0 0 0 0 0
-7.24171415 8.00079904 -5.82011064 -0.86198780 -0.48674320 -0.14162670 -0.06303395 0.38012890 -0.92278310 0.50299480 -0.78650050 -0.35834790 0.29643530 0.24858892 0.00000000 0.00000000 0.00000000 0.00000000 0 0 0 0 0 0 0 0 255 0 0 0 0 0 0 0
-8.51458755 11.39830576 -0.71968688 -0.86829050 -0.49035580 -0.07498459 -0.03244757 0.20698100 -0.97780670 0.49499360 -0.84658730 -0.19563050 0.28617570 0.24939728 0.00000000 0.00000000 0.00000000 0.00000000 0 0 0 0 0 0 0 0 255 0 0 0 0 0 0 0
-8.79771057 11.88964067 -0.05349602 -0.87131090 -0.48932890 -0.03707196 -0.01789921 0.10718390 -0.99407820 0.49040470 -0.86548760 -0.10214910 0.28485700 0.24950278 0.00000000 0.00000000 0.00000000 0.00000000 0 0 0 0 0 0 0 0 255 0 0 0 0 0 0 0
8.20397648 10.98528085 -7.67212804 -0.98271600 -0.18331760 0.02576984 0.12966870 -0.78099920 -0.61092250 0.13211910 -0.59702180 0.79127090 0.30205661 0.24610889 0.00000000 0.00000000 0.00000000 0.00000000 0 0 0 0 0 0 0 0 255 0 0 0 0 0 0 0
8.48074898 9.19118963 -9.05455335 -0.98271600 -0.18331760 0.02576984 0.12966870 -0.78099920 -0.61092250 0.13211910 -0.59702180 0.79127090 0.30993190 0.24610889 0.00000000 0.00000000 0.00000000 0.00000000 0 0 0 0 0 0 0 0 255 0 0 0 0 0 0 0
8.56327900 8.76026235 -8.73767026 -0.98271600 -0.18331760 0.02576984 0.12966870 -0.78099920 -0.61092250 0.13211910 -0.59702180 0.79127090 0.30874640 0.24603909 0.00000000 0.00000000 0.00000000 0.00000000 0 0 0 0 0 0 0 0 255 0 0 0 0 0 0 0
7.62618861 8.94625936 -9.02650769 -0.12844110 0.57611350 0.80721510 -0.13227990 0.79673130 -0.58967900 0.98285560 0.18251740 0.02612480 0.30982709 0.24999273 0.00000000 0.00000000 0.00000000 0.00000000 0 0 0 0 0 0 0 0 255 0 0 0 0 0 0 0
8.56327900 8.76026235 -8.73767026 -0.12844020 0.57611510 0.80721400 -0.13228140 0.79672990 -0.58968050 0.98285540 0.18251810 0.02612290 0.30874640 0.24603909 0.00000000 0.00000000 0.00000000 0.00000000 0 0 0 0 0 0 0 0 255 0 0 0 0 0 0 0
8.48074898 9.19118963 -9.05455335 -0.12843940 0.57611660 0.80721300 -0.13228270 0.79672860 -0.58968190 0.98285520 0.18251880 0.02612107 0.30993190 0.24610889 0.00000000 0.00000000 0.00000000 0.00000000 0 0 0 0 0 0 0 0 255 0 0 0 0 0 0 0
7.70871529 8.51533209 -8.70962938 -0.12844190 0.57611180 0.80721600 -0.13227860 0.79673260 -0.58967750 0.98285560 0.18251670 0.02612661 0.30864149 0.24992281 0.00000000 0.00000000 0.00000000 0.00000000 0 0 0 0 0 0 0 0 255 0 0 0 0 0 0 0
7.62618861 8.94625936 -9.02650769 0.98247160 0.18491790 -0.02355438 0.12096330 -0.72855990 -0.67421690 0.14183550 -0.65954970 0.73815770 0.30982709 0.24999273 0.00000000 0.00000000 0.00000000 0.00000000 0 0 0 0 0 0 0 0 255 0 0 0 0 0 0 0
7.33018860 10.82435022 -7.59182246 0.98247160 0.18491790 -0.02355438 0.12096330 -0.72855990 -0.67421680 0.14183550 -0.65954970 0.73815770 0.30175620 0.25002003 0.00000000 0.00000000 0.00000000 0.00000000 0 0 0 0 0 0 0 0 255 0 0 0 0 0 0 0
7.70871529 8.51533209 -8.70962938 0.98247160 0.18491790 -0.02355438 0.12096330 -0.72855990 -0.67421680 0.14183550 -0.65954970 0.73815770 0.30864149 0.24992281 0.00000000 0.00000000 0.00000000 0.00000000 0 0 0 0 0 0 0 0 255 0 0 0 0 0 0 0
6.92025694 13.72282205 -1.55666776 0.98342430 0.18072380 -0.01468175 0.10630300 -0.64026080 -0.76076650 0.14688870 -0.74659560 0.64885950 0.27917701 0.24985802 0.00000000 0.00000000 0.00000000 0.00000000 0 0 0 0 0 0 0 0 255 0 0 0 0 0 0 0
7.70871529 8.51533209 -8.70962938 0.98342430 0.18072380 -0.01468175 0.10630300 -0.64026090 -0.76076640 0.14688870 -0.74659550 0.64885960 0.30864149 0.24992281 0.00000000 0.00000000 0.00000000 0.00000000 0 0 0 0 0 0 0 0 255 0 0 0 0 0 0 0
7.33018860 10.82435022 -7.59182246 0.98342430 0.18072380 -0.01468175 0.10630300 -0.64026090 -0.76076650 0.14688870 -0.74659560 0.64885960 0.30175620 0.25002003 0.00000000 0.00000000 0.00000000 0.00000000 0 0 0 0 0 0 0 0 255 0 0 0 0 0 0 0
7.70871529 8.51533209 -8.70962938 0.98496320 0.17254820 -0.00863826 0.11413160 -0.68740920 -0.71724640 0.12969760 -0.70547530 0.69676600 0.30864149 0.24992281 0.00000000 0.00000000 0.00000000 0.00000000 0 0 0 0 0 0 0 0 255 0 0 0 0 0 0 0
6.92025694 13.72282205 -1.55666776 0.98496320 0.17254820 -0.00863826 0.11413170 -0.68740930 -0.71724640 0.12969760 -0.70547540 0.69676600 0.27917701 0.24985802 0.00000000 0.00000000 0.00000000 0.00000000 0 0 0 0 0 0 0 0 255 0 0 0 0 0 0 0
7.17987475 12.14394270 -1.23978968 0.98496320 0.17254820 -0.00863826 0.11413170 -0.68740930 -0.71724630 0.12969760 -0.70547530 0.69676600 0.27799150 0.24978811 0.00000000 0.00000000 0.00000000 0.00000000 0 0 0 0 0 0 0 0 255 0 0 0 0 0 0 0
7.76234040 13.84803282 -1.57821329 0.00383880 -0.19898750 -0.97999450 -0.16057630 0.96716180 -0.19701090 0.98701600 0.15812010 -0.02823994 0.27925771 0.24610889 0.00000000 0.00000000 0.00000000 0.00000000 0 0 0 0 0 0 0 0 255 0 0 0 0 0 0 0
7.17987475 12.14394270 -1.23978968 0.00383716 -0.19898700 -0.97999470 -0.16057690 0.96716200 -0.19701000 0.98701600 0.15812050 -0.02824156 0.27799150 0.24978811 0.00000000 0.00000000 0.00000000 0.00000000 0 0 0 0 0 0 0 0 255 0 0 0 0 0 0 0
6.92025694 13.72282205 -1.55666776 0.00384029 -0.19898810 -0.97999440 -0.16057570 0.96716180 -0.19701170 0.98701610 0.15811990 -0.02823847 0.27917701 0.24985802 0.00000000 0.00000000 0.00000000 0.00000000 0 0 0 0 0 0 0 0 255 0 0 0 0 0 0 0
8.02196106 12.26915251 -1.26133843 0.00383567 -0.19898640 -0.97999480 -0.16057750 0.96716190 -0.19700920 0.98701580 0.15812080 -0.02824303 0.27807209 0.24603909 0.00000000 0.00000000 0.00000000 0.00000000 0 0 0 0 0 0 0 0 255 0 0 0 0 0 0 0
8.20397648 10.98528085 -7.67212804 -0.98484520 -0.17337530 0.00455855 0.06951084 -0.41865890 -0.90547940 0.15889620 -0.89144020 0.42436570 0.30205661 0.24610889 0.00000000 0.00000000 0.00000000 0.00000000 0 0 0 0 0 0 0 0 255 0 0 0 0 0 0 0
8.02196106 12.26915251 -1.26133843 -0.98484740 -0.17336310 0.00455609 0.06955162 -0.41890490 -0.90536250 0.15886500 -0.89132710 0.42461510 0.27807209 0.24603909 0.00000000 0.00000000 0.00000000 0.00000000 0 0 0 0 0 0 0 0 255 0 0 0 0 0 0 0
7.76234040 13.84803282 -1.57821329 -0.98484780 -0.17336100 0.00455567 0.06955869 -0.41894750 -0.90534220 0.15885960 -0.89130750 0.42465840 0.27925771 0.24610889 0.00000000 0.00000000 0.00000000 0.00000000 0 0 0 0 0 0 0 0 255 0 0 0 0 0 0 0
8.56327900 8.76026235 -8.73767026 -0.98484500 -0.17337690 0.00455887 0.06950562 -0.41862730 -0.90549430 0.15890020 -0.89145480 0.42433370 0.30874640 0.24603909 0.00000000 0.00000000 0.00000000 0.00000000 0 0 0 0 0 0 0 0 255 0 0 0 0 0 0 0
-0.11339757 13.28762232 -0.05349091 -0.25024080 0.88391800 -0.39505520 0.06501253 -0.39177550 -0.91776110 0.96599850 0.25534480 -0.04057248 0.27360049 0.28018302 0.00000000 0.00000000 0.00000000 0.00000000 0 0 0 0 0 0 0 0 255 0 0 0 0 0 0 0
-8.51458755 11.39830576 -0.71968688 -0.31864040 0.76811700 -0.55539580 0.09274766 -0.55786020 -0.82473620 0.94332710 0.31430590 -0.10651570 0.27604571 0.31838453 0.00000000 0.00000000 0.00000000 0.00000000 0 0 0 0 0 0 0 0 255 0 0 0 0 0 0 0
-8.79771057 11.88964067 -0.05349602 -0.28018630 0.71218850 -0.64364830 0.10680190 -0.64321470 -0.75820060 0.95398580 0.28118030 -0.10415690 0.27359301 0.31928682 0.00000000 0.00000000 0.00000000 0.00000000 0 0 0 0 0 0 0 0 255 0 0 0 0 0 0 0
0.10258535 12.69605432 -1.44662698 -0.25968490 0.87938480 -0.39905660 0.06573897 -0.39617680 -0.91581780 0.96345320 0.26405760 -0.04507127 0.27876541 0.27962083 0.00000000 0.00000000 0.00000000 0.00000000 0 0 0 0 0 0 0 0 255 0 0 0 0 0 0 0
6.85642180 14.13277326 -0.05348891 -0.07620906 0.95989510 -0.26980270 0.04434853 -0.26705870 -0.96265920 0.99610510 0.08532871 0.02221764 0.27359980 0.24986053 0.00000000 0.00000000 0.00000000 0.00000000 0 0 0 0 0 0 0 0 255 0 0 0 0 0 0 0
6.92025694 13.72282205 -1.55666776 -0.13027420 0.94604260 -0.29670180 0.04862845 -0.29279520 -0.95493780 0.99028470 0.13883190 0.00786093 0.27917701 0.24985802 0.00000000 0.00000000 0.00000000 0.00000000 0 0 0 0 0 0 0 0 255 0 0 0 0 0 0 0
1.07263348 9.80582891 -7.23602708 -0.24621290 0.67080260 -0.69957350 0.12150180 -0.69473710 -0.70892720 0.96156990 0.25954650 -0.08954955 0.30042511 0.27712661 0.00000000 0.00000000 0.00000000 0.00000000 0 0 0 0 0 0 0 0 255 0 0 0 0 0 0 0
7.33018860 10.82435022 -7.59182246 -0.17970380 0.70603170 -0.68500060 0.11603060 -0.67626270 -0.72746520 0.97685380 0.21020930 -0.03960571 0.30175620 0.25002003 0.00000000 0.00000000 0.00000000 0.00000000 0 0 0 0 0 0 0 0 255 0 0 0 0 0 0 0
2.62277254 4.14830528 -9.98847230 -0.17077330 0.22570000 -0.95911200 0.17080870 -0.95189180 -0.25441400 0.97039210 0.20727180 -0.12400620 0.32240671 0.27256691 0.00000000 0.00000000 0.00000000 0.00000000 0 0 0 0 0 0 0 0 255 0 0 0 0 0 0 0
7.62618861 8.94625936 -9.02650769 -0.22729660 0.42876280 -0.87435630 0.14963920 -0.87181610 -0.46641710 0.96226020 0.23685290 -0.13400110 0.30982709 0.24999273 0.00000000 0.00000000 0.00000000 0.00000000 0 0 0 0 0 0 0 0 255 0 0 0 0 0 0 0
8.20129475 5.30605303 -10.36760457 -0.09891128 0.19957970 -0.97487670 0.16685920 -0.96248320 -0.21397200 0.98100690 0.18383140 -0.06189875 0.32311589 0.25008059 0.00000000 0.00000000 0.00000000 0.00000000 0 0 0 0 0 0 0 0 255 0 0 0 0 0 0 0
16.24157223 -6.84178843 -6.35577901 0.38267330 -0.67746930 -0.62816910 0.10682620 -0.64291580 0.75845070 0.91768690 0.35734370 0.17365530 0.37801561 0.22264540 0.00000000 0.00000000 0.00000000 0.00000000 0 0 0 0 0 0 0 0 255 0 0 0 0 0 0 0
22.00537381 -4.85793032 -0.05349861 0.54244190 -0.79192450 -0.28037920 0.04940554 -0.30309830 0.95167770 0.83863940 0.53008220 0.12528780 0.38978970 0.19580013 0.00000000 0.00000000 0.00000000 0.00000000 0 0 0 0 0 0 0 0 255 0 0 0 0 0 0 0
16.65331349 -9.51075663 -0.05350239 0.40098120 -0.83526930 -0.37621710 0.06379280 -0.38422220 0.92103400 0.91386230 0.39331730 0.10078170 0.39944631 0.22264540 0.00000000 0.00000000 0.00000000 0.00000000 0 0 0 0 0 0 0 0 255 0 0 0 0 0 0 0
21.84286389 -3.80450167 -4.56455644 0.47603680 -0.70173850 -0.53004900 0.09349538 -0.55892230 0.82393230 0.87444130 0.44177930 0.20045830 0.36964720 0.19580013 0.00000000 0.00000000 0.00000000 0.00000000 0 0 0 0 0 0 0 0 255 0 0 0 0 0 0 0
15.19600281 -0.06418719 -10.17257150 0.25381640 -0.18061040 -0.95024050 0.15898460 -0.96126060 0.22517100 0.95409700 0.20822570 0.21526940 0.34939590 0.22264540 0.00000000 0.00000000 0.00000000 0.00000000 0 0 0 0 0 0 0 0 255 0 0 0 0 0 0 0
21.10301289 0.99133096 -8.13840230 0.33958380 -0.22643550 -0.91291280 0.15003710 -0.94512050 0.29023470 0.92853200 0.23552980 0.28697390 0.34939590 0.19580013 0.00000000 0.00000000 0.00000000 0.00000000 0 0 0 0 0 0 0 0 255 0 0 0 0 0 0 0
14.27042183 6.39054285 -9.71703370 0.19543150 0.32372920 -0.92574620 0.15274550 -0.94247620 -0.29733400 0.96874950 0.08329509 0.23363770 0.32189891 0.22271842 0.00000000 0.00000000 0.00000000 0.00000000 0 0 0 0 0 0 0 0 255 0 0 0 0 0 0 0
20.37770161 6.14794336 -7.68287214 0.30321530 0.34618560 -0.88781520 0.14100590 -0.93772020 -0.31748730 0.94243190 0.02892017 0.33314540 0.32083449 0.19608712 0.00000000 0.00000000 0.00000000 0.00000000 0 0 0 0 0 0 0 0 255 0 0 0 0 0 0 0
11.50900158 -10.89443888 -0.05350427 0.20589460 -0.90821260 -0.36435880 0.05976557 -0.35997070 0.93104730 0.97674750 0.21347380 0.01983620 0.40135619 0.24634141 0.00000000 0.00000000 0.00000000 0.00000000 0 0 0 0 0 0 0 0 255 0 0 0 0 0 0 0
11.09721264 -8.22513689 -7.06332429 0.17717280 -0.72139200 -0.66947990 0.10983500 -0.66149910 0.74185930 0.97803180 0.20496960 0.03796559 0.37992281 0.24634141 0.00000000 0.00000000 0.00000000 0.00000000 0 0 0 0 0 0 0 0 255 0 0 0 0 0 0 0
9.98196301 -0.99588312 -10.88010629 0.06364105 -0.19534050 -0.97866850 0.16385510 -0.96530260 0.20332790 0.98442950 0.17329980 0.02942533 0.34939590 0.24634141 0.00000000 0.00000000 0.00000000 0.00000000 0 0 0 0 0 0 0 0 255 0 0 0 0 0 0 0
9.05638298 5.45884691 -10.42457422 -0.00435687 0.21416010 -0.97678890 0.16532110 -0.96320270 -0.21191880 0.98623020 0.16240710 0.03120864 0.32322249 0.24622548 0.00000000 0.00000000 0.00000000 0.00000000 0 0 0 0 0 0 0 0 255 0 0 0 0 0 0 0
8.48074898 9.19118963 -9.05455335 0.06745367 0.48180380 -0.87367910 0.14789320 -0.87082820 -0.46881320 0.98670040 0.09758805 0.12999610 0.30993190 0.24610889 0.00000000 0.00000000 0.00000000 0.00000000 0 0 0 0 0 0 0 0 255 0 0 0 0 0 0 0
5.68243441 -12.04315295 -0.05350617 0.11258250 -0.91255850 -0.39314380 0.06444097 -0.38812080 0.91935290 0.99155060 0.12883760 -0.01511055 0.40098900 0.27289438 0.00000000 0.00000000 0.00000000 0.00000000 0 0 0 0 0 0 0 0 255 0 0 0 0 0 0 0
5.18481955 -8.81751360 -7.25973113 0.05170353 -0.70135070 -0.71093880 0.11662730 -0.70277920 0.70178300 0.99182900 0.11919950 -0.04546048 0.37801561 0.27289438 0.00000000 0.00000000 0.00000000 0.00000000 0 0 0 0 0 0 0 0 255 0 0 0 0 0 0 0
4.13924775 -2.03991617 -10.44401010 -0.08278192 -0.19930320 -0.97643510 0.16898890 -0.96841590 0.18333950 0.98213540 0.14982950 -0.11384740 0.34939590 0.27289438 0.00000000 0.00000000 0.00000000 0.00000000 0 0 0 0 0 0 0 0 255 0 0 0 0 0 0 0
7.70871529 8.51533209 -8.70962938 -0.23773360 0.87419520 -0.42339750 0.06964031 -0.41943280 -0.90511130 0.96883060 0.24466090 -0.03883403 0.30864149 0.24992281 0.00000000 0.00000000 0.00000000 0.00000000 0 0 0 0 0 0 0 0 255 0 0 0 0 0 0 0
8.02196106 12.26915251 -1.26133843 -0.14142410 0.88918910 -0.43513440 0.07127266 -0.42926600 -0.90036150 0.98738010 0.15834600 0.00266631 0.27807209 0.24603909 0.00000000 0.00000000 0.00000000 0.00000000 0 0 0 0 0 0 0 0 255 0 0 0 0 0 0 0
8.56327900 8.76026235 -8.73767026 -0.24545550 0.87260740 -0.42226510 0.06950589 -0.41862810 -0.90549410 0.96691290 0.25160850 -0.04210323 0.30874640 0.24603909 0.00000000 0.00000000 0.00000000 0.00000000 0 0 0 0 0 0 0 0 255 0 0 0 0 0 0 0
7.17987475 12.14394270 -1.23978968 -0.13348370 0.89003680 -0.43590930 0.07140537 -0.43006500 -0.89996960 0.98847540 0.15125750 0.00614675 0.27799150 0.24978811 0.00000000 0.00000000 0.00000000 0.00000000 0 0 0 0 0 0 0 0 255 0 0 0 0 0 0 0
0.54616007 -12.57689394 -0.05350805 0.07213961 -0.90627240 -0.41649280 0.06842282 -0.41210030 0.90856580 0.99504480 0.09404119 -0.03228097 0.39941189 0.29597491 0.00000000 0.00000000 0.00000000 0.00000000 0 0 0 0 0 0 0 0 255 0 0 0 0 0 0 0
0.01499113 -9.13375010 -7.20828517 0.02933879 -0.64263610 -0.76560970 0.12543230 -0.75751790 0.64065070 0.99166830 0.11482810 -0.05838265 0.37551889 0.29597491 0.00000000 0.00000000 0.00000000 0.00000000 0 0 0 0 0 0 0 0 255 0 0 0 0 0 0 0
-1.72165552 -3.08719744 -9.32299169 -0.12789110 -0.15340010 -0.97985320 0.17555880 -0.97586630 0.12986190 0.97612650 0.15541370 -0.15173540 0.34939590 0.29953009 0.00000000 0.00000000 0.00000000 0.00000000 0 0 0 0 0 0 0 0 255 0 0 0 0 0 0 0
-4.92282739 3.09076248 -8.57255300 -0.22470590 0.30542180 -0.92532420 0.18016660 -0.92021360 -0.34748660 0.95762590 0.24479480 -0.15175070 0.31975800 0.30421788 0.00000000 0.00000000 0.00000000 0.00000000 0 0 0 0 0 0 0 0 255 0 0 0 0 0 0 0
-7.24171415 8.00079904 -5.82011064 -0.34269650 0.68066040 -0.64750330 0.11778080 -0.65267160 -0.74842980 0.93203350 0.33274780 -0.14349960 0.29512769 0.31146812 0.00000000 0.00000000 0.00000000 0.00000000 0 0 0 0 0 0 0 0 255 0 0 0 0 0 0 0
21.10301289 0.99132143 8.03141276 0.98649530 0.16378990 0.00000075 0.57738350 -0.46607590 0.16366130 0.02680620 -0.16145160 -0.39056120 0.34939590 0.19580013 0.00000000 0.00000000 0.00000000 0.00000000 0 0 0 0 0 0 0 0 255 0 0 0 0 0 0 0
21.84286389 -3.80450358 4.45755784 0.98649530 0.16379010 0.00000114 1.00000000 0.00000000 0.00000000 0.00000000 -0.00000114 0.16379010 0.36964720 0.19580013 0.00000000 0.00000000 0.00000000 0.00000000 0 0 0 0 0 0 0 0 255 0 0 0 0 0 0 0
19.83415112 9.67124830 5.24907939 0.98649520 0.16378970 0.00000036 0.15476690 -0.93215200 0.32732250 0.05361240 -0.32290210 -0.94491270 0.30616480 0.19580013 0.00000000 0.00000000 0.00000000 0.00000000 0 0 0 0 0 0 0 0 255 0 0 0 0 0 0 0
20.37769017 6.14793287 7.57588546 0.98649520 0.16378970 0.00000036 0.15476690 -0.93215190 0.32732250 0.05361240 -0.32290210 -0.94491260 0.32083449 0.19608712 0.00000000 0.00000000 0.00000000 0.00000000 0 0 0 0 0 0 0 0 255 0 0 0 0 0 0 0
13.54676136 11.08144270 6.85761039 0.18301720 0.76418800 0.61848310 0.10260320 -0.64052070 0.76105570 0.97774090 -0.07582793 -0.19563450 0.29940960 0.22279131 0.00000000 0.00000000 0.00000000 0.00000000 0 0 0 0 0 0 0 0 255 0 0 0 0 0 0 0
19.52298054 11.68834768 -0.05348892 0.26992620 0.90607510 0.32583390 0.05864881 -0.35323760 0.93369350 0.96109320 -0.23291860 -0.14848830 0.27358270 0.19637400 0.00000000 0.00000000 0.00000000 0.00000000 0 0 0 0 0 0 0 0 255 0 0 0 0 0 0 0
13.13362202 13.75953279 -0.05348704 0.18035270 0.92812700 0.32565800 0.05668526 -0.34034450 0.93859060 0.98196720 -0.15081730 -0.11399320 0.27359441 0.22279131 0.00000000 0.00000000 0.00000000 0.00000000 0 0 0 0 0 0 0 0 255 0 0 0 0 0 0 0
19.83415112 9.67124830 5.24907939 0.29748020 0.76313630 0.57369710 0.09361979 -0.62132200 0.77794240 0.95012680 -0.17771310 -0.25627570 0.29339159 0.19637400 0.00000000 0.00000000 0.00000000 0.00000000 0 0 0 0 0 0 0 0 255 0 0 0 0 0 0 0
7.71951374 14.12466989 -0.05348891 0.00931803 0.97883460 0.20444030 0.03397861 -0.20464110 0.97824720 0.99937900 -0.00216873 -0.03516629 0.27359930 0.24610960 0.00000000 0.00000000 0.00000000 0.00000000 0 0 0 0 0 0 0 0 255 0 0 0 0 0 0 0
7.76234135 13.84803282 1.47123222 0.00091204 0.96711090 0.25435340 0.04240470 -0.25416210 0.96623150 0.99910000 0.00990454 -0.04124186 0.27925771 0.24610889 0.00000000 0.00000000 0.00000000 0.00000000 0 0 0 0 0 0 0 0 255 0 0 0 0 0 0 0
8.20397457 10.98528085 7.56514279 0.09763755 0.76849220 0.63236590 0.10564840 -0.63981500 0.76123260 0.98959850 -0.00751647 -0.14365990 0.30205661 0.24610889 0.00000000 0.00000000 0.00000000 0.00000000 0 0 0 0 0 0 0 0 255 0 0 0 0 0 0 0
-8.79771057 11.88964067 -0.05349602 -0.87131090 -0.48932890 0.03707213 -0.01789929 0.10718440 0.99407810 0.49040470 -0.86548760 0.10214960 0.28485700 0.24950278 0.00000000 0.00000000 0.00000000 0.00000000 0 0 0 0 0 0 0 0 255 0 0 0 0 0 0 0
-3.16941658 -1.05660261 -0.05350048 -0.91339490 -0.39400150 0.10233560 -0.06806400 0.39567120 0.91586660 0.40134400 -0.82958240 0.38822140 0.28483570 0.24764448 0.00000000 0.00000000 0.00000000 0.00000000 0 0 0 0 0 0 0 0 255 0 0 0 0 0 0 0
-8.51458755 11.39830576 0.61269138 -0.86829050 -0.49035580 0.07498439 -0.03244775 0.20698100 0.97780670 0.49499350 -0.84658730 0.19563060 0.28617570 0.24939728 0.00000000 0.00000000 0.00000000 0.00000000 0 0 0 0 0 0 0 0 255 0 0 0 0 0 0 0
-7.24171606 8.00079332 5.71311347 -0.86198790 -0.48674320 0.14162590 -0.06303426 0.38012820 0.92278340 0.50299460 -0.78650090 0.35834740 0.29643530 0.24858892 0.00000000 0.00000000 0.00000000 0.00000000 0 0 0 0 0 0 0 0 255 0 0 0 0 0 0 0
-4.92282930 3.09075294 8.46555106 -0.89980390 -0.42299540 0.10690090 -0.05963623 0.36196370 0.93028260 0.43219950 -0.83069680 0.35092230 0.30197191 0.24767351 0.00000000 0.00000000 0.00000000 0.00000000 0 0 0 0 0 0 0 0 255 0 0 0 0 0 0 0
-1.72165933 -3.08720888 9.21598498 -0.93767710 -0.33759410 0.08241238 -0.06975939 0.41518660 0.90705770 0.34043390 -0.84477820 0.41286130 0.30348140 0.24706739 0.00000000 0.00000000 0.00000000 0.00000000 0 0 0 0 0 0 0 0 255 0 0 0 0 0 0 0
0.01498780 -9.13375773 7.10126559 -0.94210510 -0.32479540 0.08334367 -0.07346623 0.44244450 0.89378160 0.32717110 -0.83591320 0.44069070 0.29922760 0.24665838 0.00000000 0.00000000 0.00000000 0.00000000 0 0 0 0 0 0 0 0 255 0 0 0 0 0 0 0
0.54616007 -12.57689394 -0.05350805 -0.94161390 -0.32684810 0.08082920 -0.07094089 0.42727240 0.90133560 0.32913590 -0.84297600 0.42551250 0.28483570 0.24665838 0.00000000 0.00000000 0.00000000 0.00000000 0 0 0 0 0 0 0 0 255 0 0 0 0 0 0 0
8.56327519 8.76025282 8.63068167 -0.98271650 -0.18331470 -0.02576551 0.12966920 -0.78100030 0.61092100 0.13211370 -0.59702120 -0.79127210 0.30874640 0.24603909 0.00000000 0.00000000 0.00000000 0.00000000 0 0 0 0 0 0 0 0 255 0 0 0 0 0 0 0
8.48074803 9.19118009 8.94756285 -0.98271650 -0.18331470 -0.02576551 0.12966920 -0.78100020 0.61092100 0.13211370 -0.59702120 -0.79127200 0.30993190 0.24610889 0.00000000 0.00000000 0.00000000 0.00000000 0 0 0 0 0 0 0 0 255 0 0 0 0 0 0 0
8.20397457 10.98528085 7.56514279 -0.98271650 -0.18331470 -0.02576551 0.12966920 -0.78100030 0.61092100 0.13211370 -0.59702120 -0.79127210 0.30205661 0.24610889 0.00000000 0.00000000 0.00000000 0.00000000 0 0 0 0 0 0 0 0 255 0 0 0 0 0 0 0
7.62618479 8.94624792 8.91952197 -0.12844230 0.57611460 -0.80721410 -0.13227790 0.79673070 0.58968030 0.98285570 0.18251650 -0.02612672 0.30982709 0.24999273 0.00000000 0.00000000 0.00000000 0.00000000 0 0 0 0 0 0 0 0 255 0 0 0 0 0 0 0
8.56327519 8.76025282 8.63068167 -0.12844160 0.57611360 -0.80721480 -0.13227770 0.79673140 0.58967930 0.98285570 0.18251590 -0.02612649 0.30874640 0.24603909 0.00000000 0.00000000 0.00000000 0.00000000 0 0 0 0 0 0 0 0 255 0 0 0 0 0 0 0
7.70871243 8.51532160 8.60264174 -0.12844290 0.57611550 -0.80721330 -0.13227800 0.79672980 0.58968130 0.98285540 0.18251700 -0.02612689 0.30864149 0.24992281 0.00000000 0.00000000 0.00000000 0.00000000 0 0 0 0 0 0 0 0 255 0 0 0 0 0 0 0
8.48074803 9.19118009 8.94756285 -0.12844100 0.57611280 -0.80721560 -0.13227760 0.79673220 0.58967830 0.98285590 0.18251540 -0.02612631 0.30993190 0.24610889 0.00000000 0.00000000 0.00000000 0.00000000 0 0 0 0 0 0 0 0 255 0 0 0 0 0 0 0
7.70871243 8.51532160 8.60264174 0.98247180 0.18491720 0.02355562 0.12096200 -0.72856020 0.67421680 0.14183600 -0.65954970 -0.73815780 0.30864149 0.24992281 0.00000000 0.00000000 0.00000000 0.00000000 0 0 0 0 0 0 0 0 255 0 0 0 0 0 0 0
7.33018574 10.82433973 7.48483483 0.98247180 0.18491720 0.02355562 0.12096200 -0.72856030 0.67421680 0.14183600 -0.65954970 -0.73815790 0.30175620 0.25002003 0.00000000 0.00000000 0.00000000 0.00000000 0 0 0 0 0 0 0 0 255 0 0 0 0 0 0 0
7.62618479 8.94624792 8.91952197 0.98247180 0.18491720 0.02355562 0.12096200 -0.72856020 0.67421670 0.14183600 -0.65954960 -0.73815780 0.30982709 0.24999273 0.00000000 0.00000000 0.00000000 0.00000000 0 0 0 0 0 0 0 0 255 0 0 0 0 0 0 0
6.92025599 13.72282205 1.44968025 0.98496340 0.17254730 0.00863906 0.11413050 -0.68740990 0.71724610 0.12969740 -0.70547520 -0.69676640 0.27917701 0.24985802 0.00000000 0.00000000 0.00000000 0.00000000 0 0 0 0 0 0 0 0 255 0 0 0 0 0 0 0
7.70871243 8.51532160 8.60264174 0.98496340 0.17254730 0.00863906 0.11413050 -0.68740990 0.71724610 0.12969740 -0.70547520 -0.69676640 0.30864149 0.24992281 0.00000000 0.00000000 0.00000000 0.00000000 0 0 0 0 0 0 0 0 255 0 0 0 0 0 0 0
7.17987379 12.14394270 1.13280420 0.98496340 0.17254730 0.00863906 0.11413050 -0.68740980 0.71724610 0.12969740 -0.70547510 -0.69676640 0.27799150 0.24978811 0.00000000 0.00000000 0.00000000 0.00000000 0 0 0 0 0 0 0 0 255 0 0 0 0 0 0 0
7.70871243 8.51532160 8.60264174 0.98342450 0.18072250 0.01468168 0.10630230 -0.64026150 0.76076600 0.14688760 -0.74659530 -0.64886010 0.30864149 0.24992281 0.00000000 0.00000000 0.00000000 0.00000000 0 0 0 0 0 0 0 0 255 0 0 0 0 0 0 0
6.92025599 13.72282205 1.44968025 0.98342450 0.18072250 0.01468168 0.10630230 -0.64026150 0.76076600 0.14688760 -0.74659530 -0.64886010 0.27917701 0.24985802 0.00000000 0.00000000 0.00000000 0.00000000 0 0 0 0 0 0 0 0 255 0 0 0 0 0 0 0
7.33018574 10.82433973 7.48483483 0.98342450 0.18072250 0.01468168 0.10630230 -0.64026150 0.76076600 0.14688760 -0.74659520 -0.64886010 0.30175620 0.25002003 0.00000000 0.00000000 0.00000000 0.00000000 0 0 0 0 0 0 0 0 255 0 0 0 0 0 0 0
7.76234135 13.84803282 1.47123222 0.00383608 -0.19898880 0.97999430 -0.16057630 0.96716160 0.19701170 0.98701600 0.15811970 0.02824279 0.27925771 0.24610889 0.00000000 0.00000000 0.00000000 0.00000000 0 0 0 0 0 0 0 0 255 0 0 0 0 0 0 0
7.17987379 12.14394270 1.13280420 0.00383830 -0.19898960 0.97999410 -0.16057650 0.96716140 0.19701280 0.98701600 0.15812020 0.02824081 0.27799150 0.24978811 0.00000000 0.00000000 0.00000000 0.00000000 0 0 0 0 0 0 0 0 255 0 0 0 0 0 0 0
8.02196106 12.26915251 1.15434996 0.00384032 -0.19899040 0.97999400 -0.16057670 0.96716110 0.19701390 0.98701600 0.15812080 0.02823901 0.27807209 0.24603909 0.00000000 0.00000000 0.00000000 0.00000000 0 0 0 0 0 0 0 0 255 0 0 0 0 0 0 0
6.92025599 13.72282205 1.44968025 0.00383406 -0.19898810 0.97999440 -0.16057610 0.96716200 0.19701070 0.98701610 0.15811910 0.02824458 0.27917701 0.24985802 0.00000000 0.00000000 0.00000000 0.00000000 0 0 0 0 0 0 0 0 255 0 0 0 0 0 0 0
8.20397457 10.98528085 7.56514279 -0.98484560 -0.17337370 -0.00455877 0.06951009 -0.41865970 0.90547910 0.15889490 -0.89144030 -0.42436640 0.30205661 0.24610889 0.00000000 0.00000000 0.00000000 0.00000000 0 0 0 0 0 0 0 0 255 0 0 0 0 0 0 0
8.02196106 12.26915251 1.15434996 -0.98484740 -0.17336290 -0.00455642 0.06955143 -0.41890590 0.90536210 0.15886490 -0.89132660 -0.42461600 0.27807209 0.24603909 0.00000000 0.00000000 0.00000000 0.00000000 0 0 0 0 0 0 0 0 255 0 0 0 0 0 0 0
8.56327519 8.76025282 8.63068167 -0.98484530 -0.17337510 -0.00455907 0.06950480 -0.41862820 0.90549420 0.15889870 -0.89145480 -0.42433430 0.30874640 0.24603909 0.00000000 0.00000000 0.00000000 0.00000000 0 0 0 0 0 0 0 0 255 0 0 0 0 0 0 0
7.76234135 13.84803282 1.47123222 -0.98484770 -0.17336110 -0.00455602 0.06955859 -0.41894850 0.90534170 0.15885980 -0.89130680 -0.42465930 0.27925771 0.24610889 0.00000000 0.00000000 0.00000000 0.00000000 0 0 0 0 0 0 0 0 255 0 0 0 0 0 0 0
-0.11339757 13.28762232 -0.05349091 -0.25024070 0.88391650 0.39505860 0.06501254 -0.39177910 0.91775950 0.96599840 0.25534450 0.04057341 0.27360049 0.28018302 0.00000000 0.00000000 0.00000000 0.00000000 0 0 0 0 0 0 0 0 255 0 0 0 0 0 0 0
-8.51458755 11.39830576 0.61269138 -0.31864050 0.76811590 0.55539730 0.09274732 -0.55786200 0.82473520 0.94332720 0.31430560 0.10651670 0.27604571 0.31838453 0.00000000 0.00000000 0.00000000 0.00000000 0 0 0 0 0 0 0 0 255 0 0 0 0 0 0 0
0.10258487 12.69604288 1.33963458 -0.25968490 0.87938380 0.39905880 0.06573879 -0.39617900 0.91581700 0.96345330 0.26405750 0.04507207 0.27876541 0.27962083 0.00000000 0.00000000 0.00000000 0.00000000 0 0 0 0 0 0 0 0 255 0 0 0 0 0 0 0
-8.79771057 11.88964067 -0.05349602 -0.28018660 0.71218710 0.64364980 0.10680150 -0.64321650 0.75819920 0.95398580 0.28118000 0.10415800 0.27359301 0.31928682 0.00000000 0.00000000 0.00000000 0.00000000 0 0 0 0 0 0 0 0 255 0 0 0 0 0 0 0
6.85642180 14.13277326 -0.05348891 -0.07620904 0.95989400 0.26980680 0.04434789 -0.26706280 0.96265810 0.99610510 0.08532862 -0.02221667 0.27359980 0.24986053 0.00000000 0.00000000 0.00000000 0.00000000 0 0 0 0 0 0 0 0 255 0 0 0 0 0 0 0
6.92025599 13.72282205 1.44968025 -0.13027450 0.94604220 0.29670340 0.04862811 -0.29279690 0.95493730 0.99028480 0.13883220 -0.00786026 0.27917701 0.24985802 0.00000000 0.00000000 0.00000000 0.00000000 0 0 0 0 0 0 0 0 255 0 0 0 0 0 0 0
7.62618479 8.94624792 8.91952197 -0.22729510 0.42876240 0.87435670 0.14963890 -0.87181650 0.46641640 0.96226040 0.23685190 0.13400010 0.30982709 0.24999273 0.00000000 0.00000000 0.00000000 0.00000000 0 0 0 0 0 0 0 0 255 0 0 0 0 0 0 0
7.33018574 10.82433973 7.48483483 -0.17970400 0.70603160 0.68500070 0.11603020 -0.67626290 0.72746500 0.97685380 0.21020920 0.03960618 0.30175620 0.25002003 0.00000000 0.00000000 0.00000000 0.00000000 0 0 0 0 0 0 0 0 255 0 0 0 0 0 0 0
2.62276849 4.14829384 9.88147990 -0.17077380 0.22569850 0.95911230 0.17080860 -0.95189210 0.25441260 0.97039200 0.20727170 0.12400700 0.32240671 0.27256691 0.00000000 0.00000000 0.00000000 0.00000000 0 0 0 0 0 0 0 0 255 0 0 0 0 0 0 0
8.20129284 5.30604063 10.26061408 -0.09890915 0.19957870 0.97487710 0.16685930 -0.96248350 0.21397070 0.98100710 0.18383100 0.06189687 0.32311589 0.25008059 0.00000000 0.00000000 0.00000000 0.00000000 0 0 0 0 0 0 0 0 255 0 0 0 0 0 0 0
1.07263157 9.80581842 7.12904135 -0.24621320 0.67080170 0.69957440 0.12150160 -0.69473790 0.70892640 0.96156980 0.25954640 0.08955020 0.30042511 0.27712661 0.00000000 0.00000000 0.00000000 0.00000000 0 0 0 0 0 0 0 0 255 0 0 0 0 0 0 0
16.24157223 -6.84179415 6.24877850 0.38267300 -0.67746980 0.62816870 0.10682650 -0.64291520 -0.75845120 0.91768690 0.35734390 -0.17365450 0.37801561 0.22264540 0.00000000 0.00000000 0.00000000 0.00000000 0 0 0 0 0 0 0 0 255 0 0 0 0 0 0 0
22.00537381 -4.85793032 -0.05349861 0.54244230 -0.79192440 0.28037860 0.04940595 -0.30309740 -0.95167800 0.83863900 0.53008270 -0.12528710 0.38978970 0.19580013 0.00000000 0.00000000 0.00000000 0.00000000 0 0 0 0 0 0 0 0 255 0 0 0 0 0 0 0
21.84286389 -3.80450358 4.45755784 0.47603710 -0.70173870 0.53004850 0.09349586 -0.55892150 -0.82393280 0.87444100 0.44177990 -0.20045770 0.36964720 0.19580013 0.00000000 0.00000000 0.00000000 0.00000000 0 0 0 0 0 0 0 0 255 0 0 0 0 0 0 0
16.65331349 -9.51075663 -0.05350239 0.40098120 -0.83526980 0.37621600 0.06379284 -0.38422100 -0.92103460 0.91386250 0.39331740 -0.10078120 0.39944631 0.22264540 0.00000000 0.00000000 0.00000000 0.00000000 0 0 0 0 0 0 0 0 255 0 0 0 0 0 0 0
15.19600281 -0.06419958 10.06557433 0.25381580 -0.18061180 0.95024040 0.15898450 -0.96126030 -0.22517220 0.95409720 0.20822570 -0.21526860 0.34939590 0.22264540 0.00000000 0.00000000 0.00000000 0.00000000 0 0 0 0 0 0 0 0 255 0 0 0 0 0 0 0
21.10301289 0.99132143 8.03141276 0.33958360 -0.22643710 0.91291250 0.15003690 -0.94512000 -0.29023620 0.92853210 0.23553000 -0.28697330 0.34939590 0.19580013 0.00000000 0.00000000 0.00000000 0.00000000 0 0 0 0 0 0 0 0 255 0 0 0 0 0 0 0
14.27042183 6.39053331 9.61004702 0.19543100 0.32372780 0.92574670 0.15274550 -0.94247660 0.29733260 0.96874940 0.08329558 -0.23363710 0.32189891 0.22271842 0.00000000 0.00000000 0.00000000 0.00000000 0 0 0 0 0 0 0 0 255 0 0 0 0 0 0 0
20.37769017 6.14793287 7.57588546 0.30321570 0.34618440 0.88781570 0.14100620 -0.93772070 0.31748600 0.94243180 0.02892078 -0.33314580 0.32083449 0.19608712 0.00000000 0.00000000 0.00000000 0.00000000 0 0 0 0 0 0 0 0 255 0 0 0 0 0 0 0
11.50900158 -10.89443888 -0.05350427 0.20589430 -0.90821290 0.36435800 0.05976588 -0.35996980 -0.93104760 0.97674740 0.21347360 -0.01983558 0.40135619 0.24634141 0.00000000 0.00000000 0.00000000 0.00000000 0 0 0 0 0 0 0 0 255 0 0 0 0 0 0 0
11.09720311 -8.22514452 6.95631282 0.17717200 -0.72139280 0.66947930 0.10983520 -0.66149820 -0.74186000 0.97803180 0.20496920 -0.03796463 0.37992281 0.24634141 0.00000000 0.00000000 0.00000000 0.00000000 0 0 0 0 0 0 0 0 255 0 0 0 0 0 0 0
9.98195347 -0.99589457 10.77310626 0.06364071 -0.19534190 0.97866820 0.16385500 -0.96530250 -0.20332920 0.98442950 0.17329970 -0.02942479 0.34939590 0.24634141 0.00000000 0.00000000 0.00000000 0.00000000 0 0 0 0 0 0 0 0 255 0 0 0 0 0 0 0
9.05638012 5.45883642 10.31757991 -0.00435481 0.21415940 0.97678910 0.16532100 -0.96320300 0.21191770 0.98623030 0.16240660 -0.03121047 0.32322249 0.24622548 0.00000000 0.00000000 0.00000000 0.00000000 0 0 0 0 0 0 0 0 255 0 0 0 0 0 0 0
8.48074803 9.19118009 8.94756285 0.06745473 0.48180270 0.87367950 0.14789320 -0.87082880 0.46881210 0.98670020 0.09758771 -0.12999690 0.30993190 0.24610889 0.00000000 0.00000000 0.00000000 0.00000000 0 0 0 0 0 0 0 0 255 0 0 0 0 0 0 0
5.68243441 -12.04315295 -0.05350617 0.11258230 -0.91255880 0.39314340 0.06444123 -0.38812030 -0.91935290 0.99155060 0.12883750 0.01511095 0.40098900 0.27289438 0.00000000 0.00000000 0.00000000 0.00000000 0 0 0 0 0 0 0 0 255 0 0 0 0 0 0 0
5.18481860 -8.81751932 7.15271823 0.05170325 -0.70135150 0.71093800 0.11662760 -0.70277840 -0.70178380 0.99182900 0.11919950 0.04546099 0.37801561 0.27289438 0.00000000 0.00000000 0.00000000 0.00000000 0 0 0 0 0 0 0 0 255 0 0 0 0 0 0 0
4.13924393 -2.03992571 10.33700816 -0.08278199 -0.19930460 0.97643480 0.16898900 -0.96841560 -0.18334090 0.98213540 0.14982940 0.11384760 0.34939590 0.27289438 0.00000000 0.00000000 0.00000000 0.00000000 0 0 0 0 0 0 0 0 255 0 0 0 0 0 0 0
7.70871243 8.51532160 8.60264174 -0.23773340 0.87419500 0.42339800 0.06963979 -0.41943330 0.90511110 0.96883080 0.24466050 0.03883455 0.30864149 0.24992281 0.00000000 0.00000000 0.00000000 0.00000000 0 0 0 0 0 0 0 0 255 0 0 0 0 0 0 0
8.02196106 12.26915251 1.15434996 -0.14142260 0.88918940 0.43513430 0.07127213 -0.42926600 0.90036160 0.98738040 0.15834450 -0.00266651 0.27807209 0.24603909 0.00000000 0.00000000 0.00000000 0.00000000 0 0 0 0 0 0 0 0 255 0 0 0 0 0 0 0
7.17987379 12.14394270 1.13280420 -0.13348210 0.89003710 0.43590900 0.07140483 -0.43006480 0.89996970 0.98847550 0.15125590 -0.00614698 0.27799150 0.24978811 0.00000000 0.00000000 0.00000000 0.00000000 0 0 0 0 0 0 0 0 255 0 0 0 0 0 0 0
8.56327519 8.76025282 8.63068167 -0.24545540 0.87260720 0.42226560 0.06950536 -0.41862870 0.90549380 0.96691290 0.25160810 0.04210380 0.30874640 0.24603909 0.00000000 0.00000000 0.00000000 0.00000000 0 0 0 0 0 0 0 0 255 0 0 0 0 0 0 0
0.54616007 -12.57689394 -0.05350805 0.07213939 -0.90627260 0.41649230 0.06842310 -0.41209970 -0.90856600 0.99504480 0.09404109 0.03228135 0.39941189 0.29597491 0.00000000 0.00000000 0.00000000 0.00000000 0 0 0 0 0 0 0 0 255 0 0 0 0 0 0 0
0.01498780 -9.13375773 7.10126559 0.02933827 -0.64263730 0.76560860 0.12543240 -0.75751700 -0.64065190 0.99166830 0.11482780 0.05838331 0.37551889 0.29597491 0.00000000 0.00000000 0.00000000 0.00000000 0 0 0 0 0 0 0 0 255 0 0 0 0 0 0 0
-1.72165933 -3.08720888 9.21598498 -0.12789170 -0.15340140 0.97985290 0.17555870 -0.97586610 -0.12986310 0.97612650 0.15541330 0.15173610 0.34939590 0.29953009 0.00000000 0.00000000 0.00000000 0.00000000 0 0 0 0 0 0 0 0 255 0 0 0 0 0 0 0
-4.92282930 3.09075294 8.46555106 -0.22470700 0.30542020 0.92532440 0.18016670 -0.92021400 0.34748530 0.95762550 0.24479500 0.15175200 0.31975800 0.30421788 0.00000000 0.00000000 0.00000000 0.00000000 0 0 0 0 0 0 0 0 255 0 0 0 0 0 0 0
-7.24171606 8.00079332 5.71311347 -0.34269710 0.68065970 0.64750380 0.11778060 -0.65267240 0.74842940 0.93203350 0.33274790 0.14350040 0.29512769 0.31146812 0.00000000 0.00000000 0.00000000 0.00000000 0 0 0 0 0 0 0 0 255 0 0 0 0 0 0 0
triangles
0 1 2 0
0 2 3 0
3 2 4 0
2 1 5 0
2 5 6 0
2 6 4 0
7 8 9 0
8 10 11 0
12 13 14 0
13 12 15 0
16 17 15 0
16 15 12 0
16 12 18 0
19 20 21 0
21 20 22 0
