// CivNexus6 CN6 - Exported from Blender for import to CivNexus6
skeleton
0 "Knight_European_Helm_A" -1 0.00000000 0.00000000 0.00000000 0.00000000 0.00000000 0.00000000 1.00000000 1.00000000 0.00000000 0.00000000 0.00000000 0.00000000 1.00000000 0.00000000 0.00000000 0.00000000 0.00000000 1.00000000 0.00000000 0.00000000 0.00000000 0.00000000 1.00000000
meshes:1
mesh:"Crusader_Helm_F_Mesh"
materials
"Material.002"
vertices
18.50361681 9.68017089 -5.21121968 0.92106680 0.35048620 -0.16969230 0.34011720 -0.93628370 -0.08771086 -0.18962160 0.02307227 -0.98158620 0.81192428 0.08072877 0.00000000 0.00000000 0.00000000 0.00000000 0 0 0 0 0 0 0 0 255 0 0 0 0 0 0 0
18.06284571 11.89094055 -0.02118461 0.90305690 0.42948790 -0.00535703 0.42747910 -0.89990810 -0.08618064 -0.04183438 0.07553601 -0.99626520 0.80268091 0.10113978 0.00000000 0.00000000 0.00000000 0.00000000 0 0 0 0 0 0 0 0 255 0 0 0 0 0 0 0
21.88943529 3.69652212 0.08014340 0.97994140 0.19926870 -0.00262215 0.19826710 -0.97617580 -0.08815270 -0.02012575 0.08586460 -0.99610350 0.83266532 0.10467339 0.00000000 0.00000000 0.00000000 0.00000000 0 0 0 0 0 0 0 0 255 0 0 0 0 0 0 0
20.24136400 1.15705836 -7.81254566 0.96989560 0.14813320 -0.19328470 0.13329910 -0.98718880 -0.08769044 -0.20379840 0.05928590 -0.97721610 0.84228402 0.07315338 0.00000000 0.00000000 0.00000000 0.00000000 0 0 0 0 0 0 0 0 255 0 0 0 0 0 0 0
19.35801363 5.45601213 -7.42412079 0.97948380 0.20150520 -0.00266208 0.20049150 -0.97572090 -0.08815954 -0.02036205 0.08581711 -0.99610290 0.82678717 0.07315338 0.00000000 0.00000000 0.00000000 0.00000000 0 0 0 0 0 0 0 0 255 0 0 0 0 0 0 0
21.78284311 -6.21058571 0.20821223 0.99696740 0.07781266 -0.00112186 0.07741871 -0.99317740 -0.08720624 -0.00789995 0.08685493 -0.99618970 0.86702257 0.10872328 0.00000000 0.00000000 0.00000000 0.00000000 0 0 0 0 0 0 0 0 255 0 0 0 0 0 0 0
21.57670259 -5.26963103 -4.43905485 0.97948590 0.20149520 -0.00265145 0.20048210 -0.97572170 -0.08817152 -0.02035321 0.08583119 -0.99610170 0.86483932 0.08936775 0.00000000 0.00000000 0.00000000 0.00000000 0 0 0 0 0 0 0 0 255 0 0 0 0 0 0 0
14.97202539 9.70328033 -5.94619692 0.10193860 0.75303040 -0.65004140 -0.02693158 0.65529500 0.75489290 0.99442610 -0.05944606 0.08708013 0.85444021 0.17360902 0.00000000 0.00000000 0.00000000 0.00000000 0 0 0 0 0 0 0 0 255 0 0 0 0 0 0 0
18.06284571 11.89094055 -0.02118461 0.05939989 0.99816540 -0.01173067 -0.00217763 0.01188096 0.99992690 0.99823180 -0.05937000 0.00287936 0.87590742 0.15886378 0.00000000 0.00000000 0.00000000 0.00000000 0 0 0 0 0 0 0 0 255 0 0 0 0 0 0 0
18.50361681 9.68017089 -5.21121968 0.13913070 0.75149100 -0.64490610 -0.02515606 0.65371200 0.75632510 0.98995440 -0.08900476 0.10985600 0.85547578 0.15597743 0.00000000 0.00000000 0.00000000 0.00000000 0 0 0 0 0 0 0 0 255 0 0 0 0 0 0 0
14.50592756 12.04673088 -0.02274659 0.04976528 0.99869160 -0.01176511 -0.00065263 0.01181223 0.99993010 0.99876080 -0.04975412 0.00123961 0.87591410 0.17507738 0.00000000 0.00000000 0.00000000 0.00000000 0 0 0 0 0 0 0 0 255 0 0 0 0 0 0 0
5.63627529 12.45074069 -1.50799084 -0.04070126 0.96422600 -0.26193840 -0.00415409 0.26199000 0.96506160 0.99916280 0.04036734 -0.00665784 0.87140191 0.20918429 0.00000000 0.00000000 0.00000000 0.00000000 0 0 0 0 0 0 0 0 255 0 0 0 0 0 0 0
5.58458710 12.72106063 -0.02441928 -0.02882930 0.99951640 -0.01165647 -0.00185593 0.01160777 0.99993090 0.99958270 0.02884894 0.00152039 0.87598240 0.20941198 0.00000000 0.00000000 0.00000000 0.00000000 0 0 0 0 0 0 0 0 255 0 0 0 0 0 0 0
6.20457649 9.58041275 -7.16607893 -0.02219640 0.62615640 -0.77938150 -0.05406636 0.77768090 0.62633000 0.99829050 0.05604059 0.01659229 0.85448003 0.20770890 0.00000000 0.00000000 0.00000000 0.00000000 0 0 0 0 0 0 0 0 255 0 0 0 0 0 0 0
5.15564919 9.36501300 -7.08817566 0.01421211 0.19588400 0.98052410 -0.97936100 -0.19500500 0.05315233 0.20161880 -0.96104250 0.18906970 0.80734622 0.18386912 0.00000000 0.00000000 0.00000000 0.00000000 0 0 0 0 0 0 0 0 255 0 0 0 0 0 0 0
6.20457649 9.58041275 -7.16607893 0.02986824 0.20813630 0.97764370 -0.97881640 -0.19210730 0.07080292 0.20254920 -0.95904850 0.19798930 0.80382198 0.18391150 0.00000000 0.00000000 0.00000000 0.00000000 0 0 0 0 0 0 0 0 255 0 0 0 0 0 0 0
6.63860893 7.55024421 -6.74712504 -0.00780090 0.17853080 0.98390340 -0.97959630 -0.19896790 0.02833628 0.20082410 -0.96360700 0.17644030 0.80170667 0.17450398 0.00000000 0.00000000 0.00000000 0.00000000 0 0 0 0 0 0 0 0 255 0 0 0 0 0 0 0
5.61133432 7.25743473 -6.72154797 -0.02292170 0.16652550 0.98577060 -0.97939960 -0.20161630 0.01128533 0.20062670 -0.96520470 0.16771640 0.80520529 0.17414469 0.00000000 0.00000000 0.00000000 0.00000000 0 0 0 0 0 0 0 0 255 0 0 0 0 0 0 0
4.61570692 12.26829040 -1.48526884 0.97779020 0.20920030 -0.01270490 -0.13420580 0.67152640 0.72872570 0.16098130 -0.71083580 0.68468780 0.80114508 0.17815351 0.00000000 0.00000000 0.00000000 0.00000000 0 0 0 0 0 0 0 0 255 0 0 0 0 0 0 0
5.61133432 7.25743473 -6.72154797 0.97779020 0.20920030 -0.01270490 -0.13420580 0.67152630 0.72872570 0.16098130 -0.71083580 0.68468770 0.77652431 0.17815351 0.00000000 0.00000000 0.00000000 0.00000000 0 0 0 0 0 0 0 0 255 0 0 0 0 0 0 0
5.15564919 9.36501300 -7.08817566 0.97779020 0.20920030 -0.01270490 -0.13420580 0.67152640 0.72872570 0.16098130 -0.71083580 0.68468780 0.78333491 0.18593240 0.00000000 0.00000000 0.00000000 0.00000000 0 0 0 0 0 0 0 0 255 0 0 0 0 0 0 0
4.77039909 12.70714080 -0.02415883 -0.05528263 0.99840220 -0.01169323 -0.00267816 0.01156282 0.99992950 0.99846700 0.05531004 0.00203466 0.87598938 0.21245909 0.00000000 0.00000000 0.00000000 0.00000000 0 0 0 0 0 0 0 0 255 0 0 0 0 0 0 0
4.61570692 12.26829040 -1.48526884 -0.10791730 0.94309460 -0.31452590 -0.01145256 0.31517320 0.94896500 0.99409380 0.10601180 -0.02321178 0.87132931 0.21306813 0.00000000 0.00000000 0.00000000 0.00000000 0 0 0 0 0 0 0 0 255 0 0 0 0 0 0 0
-1.63056552 11.64302719 -0.01513373 -0.26577630 0.96396780 -0.01135645 -0.00238282 0.01112322 0.99993530 0.96403180 0.26578620 -0.00065932 0.87598842 0.23656309 0.00000000 0.00000000 0.00000000 0.00000000 0 0 0 0 0 0 0 0 255 0 0 0 0 0 0 0
5.15564919 9.36501300 -7.08817566 -0.11651040 0.58296720 -0.80409870 -0.07128085 0.80261650 0.59222100 0.99062820 0.12631670 -0.05195878 0.85435349 0.21175849 0.00000000 0.00000000 0.00000000 0.00000000 0 0 0 0 0 0 0 0 255 0 0 0 0 0 0 0
1.76012993 3.51254356 -9.25022305 -0.15672480 0.19722130 -0.96775050 -0.11310360 0.96982890 0.21596170 0.98114470 0.14330260 -0.12968980 0.83204329 0.22708762 0.00000000 0.00000000 0.00000000 0.00000000 0 0 0 0 0 0 0 0 255 0 0 0 0 0 0 0
-0.40629935 8.83923805 -6.75139368 -0.22934620 0.66259830 -0.71299630 -0.10286020 0.71192100 0.69468560 0.96789460 0.23266250 -0.09512138 0.85435379 0.23271942 0.00000000 0.00000000 0.00000000 0.00000000 0 0 0 0 0 0 0 0 255 0 0 0 0 0 0 0
6.48320007 4.10265768 -9.61690510 -0.11880550 0.23525550 -0.96464500 -0.07611027 0.96650970 0.24508390 0.98999610 0.10253670 -0.09692129 0.83344090 0.20836991 0.00000000 0.00000000 0.00000000 0.00000000 0 0 0 0 0 0 0 0 255 0 0 0 0 0 0 0
18.23747301 -6.18094265 -5.13583172 0.33334030 -0.70571210 -0.62518360 0.10325530 0.68644670 -0.71981200 0.93713530 0.17538890 0.30168890 0.79346490 0.16153538 0.00000000 0.00000000 0.00000000 0.00000000 0 0 0 0 0 0 0 0 255 0 0 0 0 0 0 0
21.78284311 -6.21058571 0.20821223 0.33967050 -0.91188690 -0.23040430 0.20693700 0.31142300 -0.92746590 0.91749720 0.26735370 0.29448440 0.77638972 0.13673818 0.00000000 0.00000000 0.00000000 0.00000000 0 0 0 0 0 0 0 0 255 0 0 0 0 0 0 0
18.52915239 -7.52834380 0.22547253 0.35042250 -0.90564300 -0.23877790 0.15395020 0.30717230 -0.93911900 0.92385250 0.29232850 0.24706390 0.77130193 0.15537822 0.00000000 0.00000000 0.00000000 0.00000000 0 0 0 0 0 0 0 0 255 0 0 0 0 0 0 0
21.57670259 -5.26963103 -4.43905485 0.32215450 -0.75256840 -0.57433220 0.17894990 0.64414780 -0.74367370 0.92962000 0.13680110 0.34218710 0.79766911 0.14542109 0.00000000 0.00000000 0.00000000 0.00000000 0 0 0 0 0 0 0 0 255 0 0 0 0 0 0 0
16.84654474 0.51498735 -8.56559456 0.22192730 -0.14935900 -0.96355610 -0.04031803 0.98594770 -0.16211600 0.97422930 0.07482664 0.21278680 0.81955701 0.16730273 0.00000000 0.00000000 0.00000000 0.00000000 0 0 0 0 0 0 0 0 255 0 0 0 0 0 0 0
20.24136400 1.15705836 -7.81254566 0.24812490 -0.15446410 -0.95633400 -0.05740554 0.98312660 -0.17368570 0.96702560 0.09799461 0.23507110 0.82101750 0.15015072 0.00000000 0.00000000 0.00000000 0.00000000 0 0 0 0 0 0 0 0 255 0 0 0 0 0 0 0
15.83003473 5.46055734 -8.24051846 0.16231750 0.32116760 -0.93300830 -0.04506142 0.94697370 0.31813550 0.98570910 -0.00959628 0.16818270 0.83796573 0.17087507 0.00000000 0.00000000 0.00000000 0.00000000 0 0 0 0 0 0 0 0 255 0 0 0 0 0 0 0
19.35801363 5.45601213 -7.42412079 0.21118560 0.31467910 -0.92540680 -0.05373654 0.94906590 0.31046120 0.97596760 -0.01583678 0.21733880 0.83876443 0.15354681 0.00000000 0.00000000 0.00000000 0.00000000 0 0 0 0 0 0 0 0 255 0 0 0 0 0 0 0
10.01658201 -9.01145089 -6.36523092 0.14301530 -0.76268620 -0.63075870 0.05130224 0.64216580 -0.76484710 0.98839000 0.07702550 0.13096710 0.78867722 0.19739813 0.00000000 0.00000000 0.00000000 0.00000000 0 0 0 0 0 0 0 0 255 0 0 0 0 0 0 0
10.32664251 -10.43158925 0.26352685 0.22272350 -0.94426370 -0.24240520 0.08986893 0.26747890 -0.95936360 0.97073050 0.19188810 0.14443380 0.76417267 0.19207972 0.00000000 0.00000000 0.00000000 0.00000000 0 0 0 0 0 0 0 0 255 0 0 0 0 0 0 0
8.42475367 -1.34195706 -10.02986992 0.07823032 -0.17288640 -0.98183000 -0.05856913 0.98235020 -0.17764470 0.99521330 0.07140213 0.06672376 0.81538701 0.20249772 0.00000000 0.00000000 0.00000000 0.00000000 0 0 0 0 0 0 0 0 255 0 0 0 0 0 0 0
7.28288221 4.26355445 -9.67234219 -0.00158841 0.25771490 -0.96621970 -0.07075872 0.96377000 0.25717790 0.99749220 0.06877697 0.01670472 0.83368248 0.20525903 0.00000000 0.00000000 0.00000000 0.00000000 0 0 0 0 0 0 0 0 255 0 0 0 0 0 0 0
6.26658106 -9.32826388 -5.46200073 -0.00327829 -0.80476740 -0.59358140 -0.01268484 0.59357020 -0.80468230 0.99991430 0.00489151 -0.01215424 0.78365862 0.21262199 0.00000000 0.00000000 0.00000000 0.00000000 0 0 0 0 0 0 0 0 255 0 0 0 0 0 0 0
6.64490271 -11.09220612 0.27236473 0.10241720 -0.95379070 -0.28247850 0.01560252 0.28547710 -0.95825850 0.99461910 0.09373478 0.04411931 0.76292741 0.21057039 0.00000000 0.00000000 0.00000000 0.00000000 0 0 0 0 0 0 0 0 255 0 0 0 0 0 0 0
4.08927250 -2.21300435 -9.61083115 -0.09241904 -0.24348900 -0.96549050 -0.07591984 0.96854100 -0.23699110 0.99282180 0.05139739 -0.10799730 0.81342852 0.21996361 0.00000000 0.00000000 0.00000000 0.00000000 0 0 0 0 0 0 0 0 255 0 0 0 0 0 0 0
1.15068555 -9.78103077 -5.33782995 0.03103234 -0.75986370 -0.64934140 -0.07847489 0.64579660 -0.75946590 0.99643300 0.07452500 -0.03958964 0.78311467 0.23743582 0.00000000 0.00000000 0.00000000 0.00000000 0 0 0 0 0 0 0 0 255 0 0 0 0 0 0 0
1.69843960 -11.09476292 0.27301463 0.00047184 -0.97227530 -0.23383890 0.04545496 0.23361810 -0.97126540 0.99896630 -0.01017085 0.04430496 0.76303518 0.23472422 0.00000000 0.00000000 0.00000000 0.00000000 0 0 0 0 0 0 0 0 255 0 0 0 0 0 0 0
-1.74244636 -3.29570067 -8.80397785 -0.11224210 -0.24485830 -0.96304000 -0.08848947 0.96777680 -0.23574930 0.98973290 0.05875791 -0.13029260 0.80973369 0.24027640 0.00000000 0.00000000 0.00000000 0.00000000 0 0 0 0 0 0 0 0 255 0 0 0 0 0 0 0
-4.20587993 2.12271702 -8.41498173 -0.20542270 0.24128510 -0.94846360 -0.09359606 0.95984630 0.26445220 0.97418760 0.14309690 -0.17459080 0.83092833 0.25168198 0.00000000 0.00000000 0.00000000 0.00000000 0 0 0 0 0 0 0 0 255 0 0 0 0 0 0 0
-6.66572809 7.04500091 -5.74158133 -0.33437640 0.64968470 -0.68271680 -0.12455740 0.68759470 0.71533150 0.93417240 0.32422740 -0.14899240 0.85686022 0.26169080 0.00000000 0.00000000 0.00000000 0.00000000 0 0 0 0 0 0 0 0 255 0 0 0 0 0 0 0
-8.26103497 10.08363044 0.01352726 -0.35341360 0.93540340 -0.01092540 -0.00081494 0.01137122 0.99993500 0.93546680 0.35339950 -0.00325645 0.87619460 0.26453000 0.00000000 0.00000000 0.00000000 0.00000000 0 0 0 0 0 0 0 0 255 0 0 0 0 0 0 0
18.50684595 9.80152023 5.22363912 0.92101970 0.35471390 0.16093760 0.37124680 -0.92444300 -0.08706962 0.11789280 0.13994040 -0.98311660 0.80882537 0.12336498 0.00000000 0.00000000 0.00000000 0.00000000 0 0 0 0 0 0 0 0 255 0 0 0 0 0 0 0
20.24626398 1.34134138 8.03568374 0.96998890 0.15287090 0.18908270 0.17181080 -0.98118160 -0.08811200 0.17205470 0.11795410 -0.97800010 0.83757782 0.13790667 0.00000000 0.00000000 0.00000000 0.00000000 0 0 0 0 0 0 0 0 255 0 0 0 0 0 0 0
21.57957315 -5.16186297 4.83007299 0.97948530 0.20149820 -0.00264294 0.20048540 -0.97571920 -0.08819152 -0.02034919 0.08585244 -0.99610010 0.86208630 0.12724030 0.00000000 0.00000000 0.00000000 0.00000000 0 0 0 0 0 0 0 0 255 0 0 0 0 0 0 0
19.36263514 5.63001335 7.53778612 0.97948400 0.20150520 -0.00263453 0.20049370 -0.97572010 -0.08816224 -0.02033572 0.08582529 -0.99610270 0.82234430 0.13428551 0.00000000 0.00000000 0.00000000 0.00000000 0 0 0 0 0 0 0 0 255 0 0 0 0 0 0 0
14.97571611 9.84170997 5.95858633 0.10197270 0.76859380 0.63155760 0.02068919 -0.63636840 0.77110790 0.99457200 -0.06556551 -0.08079377 0.89733642 0.17356390 0.00000000 0.00000000 0.00000000 0.00000000 0 0 0 0 0 0 0 0 255 0 0 0 0 0 0 0
18.50684595 9.80152023 5.22363912 0.13911660 0.76694170 0.62645590 0.00486069 -0.63312860 0.77403130 0.99026400 -0.10463560 -0.09180659 0.89628702 0.15561217 0.00000000 0.00000000 0.00000000 0.00000000 0 0 0 0 0 0 0 0 255 0 0 0 0 0 0 0
5.63720894 12.48533046 1.46547913 -0.04062400 0.97009870 0.23928690 0.00109886 -0.23944100 0.97091030 0.99917390 0.03970520 0.00866105 0.88054383 0.20916378 0.00000000 0.00000000 0.00000000 0.00000000 0 0 0 0 0 0 0 0 255 0 0 0 0 0 0 0
6.20903349 9.74737251 7.19038498 -0.02197642 0.64517680 0.76371720 0.04918556 -0.76227900 0.64537720 0.99854790 0.05174694 -0.01498122 0.89739138 0.20757282 0.00000000 0.00000000 0.00000000 0.00000000 0 0 0 0 0 0 0 0 255 0 0 0 0 0 0 0
5.16003656 9.53020275 7.11829101 0.01393815 0.17079310 -0.98520830 0.97940150 0.19616770 0.04786313 0.20144080 -0.96558150 -0.16454080 0.77244598 0.18490273 0.00000000 0.00000000 0.00000000 0.00000000 0 0 0 0 0 0 0 0 255 0 0 0 0 0 0 0
5.61551332 7.41473472 6.80563318 -0.02323297 0.14127090 -0.98969840 0.97940740 0.20181020 0.00581528 0.20055280 -0.96918280 -0.14305040 0.77458692 0.17517829 0.00000000 0.00000000 0.00000000 0.00000000 0 0 0 0 0 0 0 0 255 0 0 0 0 0 0 0
6.64281845 7.70804489 6.82338297 -0.00808906 0.15334240 -0.98814000 0.97961790 0.19955520 0.02294825 0.20070740 -0.96781400 -0.15183120 0.77808547 0.17553759 0.00000000 0.00000000 0.00000000 0.00000000 0 0 0 0 0 0 0 0 255 0 0 0 0 0 0 0
6.20903349 9.74737251 7.19038498 0.02961923 0.18313840 -0.98264080 0.97886960 0.19367720 0.06560189 0.20232930 -0.96382020 -0.17353210 0.77597022 0.18494523 0.00000000 0.00000000 0.00000000 0.00000000 0 0 0 0 0 0 0 0 255 0 0 0 0 0 0 0
5.61551332 7.41473472 6.80563318 0.97779130 0.20945610 0.00723394 0.13450470 -0.65362240 0.74477250 0.16072540 -0.72725910 -0.66727920 0.80257338 0.17937338 0.00000000 0.00000000 0.00000000 0.00000000 0 0 0 0 0 0 0 0 255 0 0 0 0 0 0 0
5.16003656 9.53020275 7.11829101 0.97779130 0.20945610 0.00723394 0.13450480 -0.65362260 0.74477260 0.16072540 -0.72725920 -0.66727930 0.79576248 0.18715292 0.00000000 0.00000000 0.00000000 0.00000000 0 0 0 0 0 0 0 0 255 0 0 0 0 0 0 0
4.61661625 12.30240047 1.44782912 0.97779130 0.20945610 0.00723394 0.13450470 -0.65362240 0.74477250 0.16072540 -0.72725910 -0.66727920 0.77795279 0.17937338 0.00000000 0.00000000 0.00000000 0.00000000 0 0 0 0 0 0 0 0 255 0 0 0 0 0 0 0
4.61661625 12.30240047 1.44782912 -0.10778130 0.95021630 0.29235650 0.00647079 -0.29339270 0.95597000 0.99415350 0.10492740 0.02547360 0.88062662 0.21303540 0.00000000 0.00000000 0.00000000 0.00000000 0 0 0 0 0 0 0 0 255 0 0 0 0 0 0 0
5.16003656 9.53020275 7.11829101 -0.11616800 0.60265260 0.78950290 0.06539670 -0.78851880 0.61152390 0.99107430 0.12267040 0.05218919 0.89753288 0.21160710 0.00000000 0.00000000 0.00000000 0.00000000 0 0 0 0 0 0 0 0 255 0 0 0 0 0 0 0
1.76589680 3.72980487 9.43308079 -0.15641180 0.22171090 0.96248610 0.12966000 -0.96143780 0.24254020 0.97914430 0.16273210 0.12163310 0.91985369 0.22672880 0.00000000 0.00000000 0.00000000 0.00000000 0 0 0 0 0 0 0 0 255 0 0 0 0 0 0 0
6.48918533 4.32815254 9.77464782 -0.11844860 0.25963020 0.95841650 0.07082411 -0.96054390 0.26895950 0.99043110 0.09973688 0.09538703 0.91838437 0.20810699 0.00000000 0.00000000 0.00000000 0.00000000 0 0 0 0 0 0 0 0 255 0 0 0 0 0 0 0
-0.40214282 8.99671733 6.79055034 -0.22892650 0.67983880 0.69671510 0.09734382 -0.69614660 0.71126940 0.96856440 0.23064930 0.09318832 0.89764249 0.23252589 0.00000000 0.00000000 0.00000000 0.00000000 0 0 0 0 0 0 0 0 255 0 0 0 0 0 0 0
18.24077272 -6.05665600 5.55066311 0.33384520 -0.69024970 0.64195220 -0.07661031 -0.69863930 -0.71136070 0.93950960 0.18830420 -0.28611760 0.96053970 0.16145712 0.00000000 0.00000000 0.00000000 0.00000000 0 0 0 0 0 0 0 0 255 0 0 0 0 0 0 0
21.78284311 -6.21058571 0.20821223 0.33989450 -0.90622200 0.25146250 -0.15369100 -0.31731030 -0.93578490 0.92782050 0.27942060 -0.24713020 0.97620058 0.13814843 0.00000000 0.00000000 0.00000000 0.00000000 0 0 0 0 0 0 0 0 255 0 0 0 0 0 0 0
21.57957315 -5.16186297 4.83007299 0.32262150 -0.73839840 0.59218530 -0.07147118 -0.64285730 -0.76264430 0.94382600 0.20372130 -0.26017380 0.95811617 0.14327699 0.00000000 0.00000000 0.00000000 0.00000000 0 0 0 0 0 0 0 0 255 0 0 0 0 0 0 0
18.52915239 -7.52834380 0.22547253 0.35068160 -0.89976400 0.25970620 -0.14378520 -0.32575940 -0.93445530 0.92539100 0.29035430 -0.24361060 0.98021221 0.15535951 0.00000000 0.00000000 0.00000000 0.00000000 0 0 0 0 0 0 0 0 255 0 0 0 0 0 0 0
16.85193491 0.71699941 8.80574142 0.22226320 -0.12488350 0.96695550 0.03899442 -0.98983070 -0.13680110 0.97420660 0.06811174 -0.21513320 0.93211973 0.16720051 0.00000000 0.00000000 0.00000000 0.00000000 0 0 0 0 0 0 0 0 255 0 0 0 0 0 0 0
20.24626398 1.34134138 8.03568374 0.24846400 -0.13010720 0.95986340 0.05047796 -0.98785250 -0.14696740 0.96732500 0.08496805 -0.23887820 0.92994899 0.14905602 0.00000000 0.00000000 0.00000000 0.00000000 0 0 0 0 0 0 0 0 255 0 0 0 0 0 0 0
15.83515406 5.65353715 8.35466301 0.16243240 0.34460930 0.92458650 0.04697296 -0.93866880 0.34160580 0.98560100 -0.01205728 -0.16865750 0.91378123 0.17079878 0.00000000 0.00000000 0.00000000 0.00000000 0 0 0 0 0 0 0 0 255 0 0 0 0 0 0 0
19.36263514 5.63001335 7.53778612 0.21127430 0.33801000 0.91712180 0.05415474 -0.94090910 0.33430140 0.97592540 -0.02096280 -0.21709470 0.91296458 0.15246111 0.00000000 0.00000000 0.00000000 0.00000000 0 0 0 0 0 0 0 0 255 0 0 0 0 0 0 0
10.02065229 -8.85772288 6.85398113 0.14333250 -0.74713640 0.64903240 -0.01770194 -0.65763430 -0.75312930 0.98951620 0.09645877 -0.10748610 0.96533048 0.19699198 0.00000000 0.00000000 0.00000000 0.00000000 0 0 0 0 0 0 0 0 255 0 0 0 0 0 0 0
10.32664251 -10.43158925 0.26352685 0.22290440 -0.93832820 0.26429890 -0.03915466 -0.27951910 -0.95934140 0.97405370 0.20349290 -0.09904594 0.98754889 0.19407701 0.00000000 0.00000000 0.00000000 0.00000000 0 0 0 0 0 0 0 0 255 0 0 0 0 0 0 0
8.43105078 -1.10533425 10.31900036 0.07852510 -0.14796820 0.98586980 0.05496337 -0.98677670 -0.15248220 0.99539580 0.06616041 -0.06935392 0.93633229 0.20215613 0.00000000 0.00000000 0.00000000 0.00000000 0 0 0 0 0 0 0 0 255 0 0 0 0 0 0 0
7.28891706 4.49031341 9.82566082 -0.00129309 0.28209010 0.95938700 0.06579726 -0.95728490 0.28156070 0.99783220 0.06348912 -0.01732290 0.91813141 0.20500928 0.00000000 0.00000000 0.00000000 0.00000000 0 0 0 0 0 0 0 0 255 0 0 0 0 0 0 0
6.27008295 -9.19542897 5.96010029 -0.00315723 -0.79017260 0.61287630 0.00942801 -0.61287550 -0.79012310 0.99995050 0.00328361 0.00938474 0.96789360 0.21211469 0.00000000 0.00000000 0.00000000 0.00000000 0 0 0 0 0 0 0 0 255 0 0 0 0 0 0 0
6.64490271 -11.09220612 0.27236473 0.10255420 -0.94690630 0.30471500 -0.00798488 -0.30710390 -0.95164250 0.99469540 0.09516180 -0.03905572 0.98847789 0.21002239 0.00000000 0.00000000 0.00000000 0.00000000 0 0 0 0 0 0 0 0 255 0 0 0 0 0 0 0
4.09530449 -1.98584545 9.92337810 -0.09221481 -0.21899390 0.97135880 0.07891934 -0.97405410 -0.21210940 0.99260670 0.05709936 0.10710510 0.93833607 0.21955001 0.00000000 0.00000000 0.00000000 0.00000000 0 0 0 0 0 0 0 0 255 0 0 0 0 0 0 0
1.15414667 -9.65092385 5.84781992 0.03121840 -0.74385580 0.66761050 0.03119923 -0.66688540 -0.74450680 0.99902550 0.04407125 0.00238863 0.96566617 0.23502588 0.00000000 0.00000000 0.00000000 0.00000000 0 0 0 0 0 0 0 0 255 0 0 0 0 0 0 0
1.69843960 -11.09476292 0.27301463 0.00053333 -0.96653810 0.25652260 0.01423063 -0.25648930 -0.96644230 0.99989870 0.00416591 0.01361765 0.98841631 0.23402071 0.00000000 0.00000000 0.00000000 0.00000000 0 0 0 0 0 0 0 0 255 0 0 0 0 0 0 0
-1.73690557 -3.08704066 9.14061271 -0.11203150 -0.22032950 0.96897060 0.07162796 -0.97436310 -0.21327410 0.99111980 0.04551198 0.12494110 0.94031632 0.24148309 0.00000000 0.00000000 0.00000000 0.00000000 0 0 0 0 0 0 0 0 255 0 0 0 0 0 0 0
-4.20063567 2.32086098 8.62565147 -0.20505970 0.26523220 0.94212650 0.17091090 -0.93808890 0.30129530 0.96371160 0.22280320 0.14703310 0.91682851 0.25399297 0.00000000 0.00000000 0.00000000 0.00000000 0 0 0 0 0 0 0 0 255 0 0 0 0 0 0 0
-6.66212893 7.17960441 5.83624756 -0.33386540 0.66614820 0.66691870 0.14470990 -0.66290680 0.73458390 0.93144670 0.34176190 0.12492350 0.89497048 0.26163048 0.00000000 0.00000000 0.00000000 0.00000000 0 0 0 0 0 0 0 0 255 0 0 0 0 0 0 0
18.50361681 9.68017089 -5.21121968 -0.92106680 -0.35048620 0.16969230 0.34011720 -0.93628370 -0.08771086 -0.18962160 0.02307227 -0.98158620 0.81192428 0.08072877 0.00000000 0.00000000 0.00000000 0.00000000 0 0 0 0 0 0 0 0 255 0 0 0 0 0 0 0
18.06284571 11.89094055 -0.02118461 -0.90305690 -0.42948790 0.00535703 0.42747910 -0.89990810 -0.08618064 -0.04183438 0.07553601 -0.99626520 0.80268091 0.10113978 0.00000000 0.00000000 0.00000000 0.00000000 0 0 0 0 0 0 0 0 255 0 0 0 0 0 0 0
21.88943529 3.69652212 0.08014340 -0.97994130 -0.19926860 0.00262214 0.19826710 -0.97617580 -0.08815270 -0.02012574 0.08586458 -0.99610350 0.83266532 0.10467339 0.00000000 0.00000000 0.00000000 0.00000000 0 0 0 0 0 0 0 0 255 0 0 0 0 0 0 0
20.24136400 1.15705836 -7.81254566 -0.96989570 -0.14813320 0.19328470 0.13329910 -0.98718880 -0.08769043 -0.20379840 0.05928590 -0.97721620 0.84228402 0.07315338 0.00000000 0.00000000 0.00000000 0.00000000 0 0 0 0 0 0 0 0 255 0 0 0 0 0 0 0
19.35801363 5.45601213 -7.42412079 -0.97948380 -0.20150520 0.00266208 0.20049150 -0.97572090 -0.08815954 -0.02036205 0.08581711 -0.99610290 0.82678717 0.07315338 0.00000000 0.00000000 0.00000000 0.00000000 0 0 0 0 0 0 0 0 255 0 0 0 0 0 0 0
21.78284311 -6.21058571 0.20821223 -0.99696740 -0.07781266 0.00112185 0.07741871 -0.99317740 -0.08720624 -0.00789995 0.08685493 -0.99618970 0.86702257 0.10872328 0.00000000 0.00000000 0.00000000 0.00000000 0 0 0 0 0 0 0 0 255 0 0 0 0 0 0 0
21.57670259 -5.26963103 -4.43905485 -0.97948590 -0.20149520 0.00265145 0.20048210 -0.97572170 -0.08817152 -0.02035321 0.08583119 -0.99610170 0.86483932 0.08936775 0.00000000 0.00000000 0.00000000 0.00000000 0 0 0 0 0 0 0 0 255 0 0 0 0 0 0 0
14.97202539 9.70328033 -5.94619692 -0.10193860 -0.75303020 0.65004140 -0.02693157 0.65529500 0.75489280 0.99442590 -0.05944606 0.08708011 0.85444021 0.17360902 0.00000000 0.00000000 0.00000000 0.00000000 0 0 0 0 0 0 0 0 255 0 0 0 0 0 0 0
18.06284571 11.89094055 -0.02118461 -0.05939989 -0.99816540 0.01173066 -0.00217764 0.01188094 0.99992690 0.99823180 -0.05937001 0.00287937 0.87590742 0.15886378 0.00000000 0.00000000 0.00000000 0.00000000 0 0 0 0 0 0 0 0 255 0 0 0 0 0 0 0
18.50361681 9.68017089 -5.21121968 -0.13913070 -0.75149100 0.64490610 -0.02515606 0.65371200 0.75632510 0.98995440 -0.08900476 0.10985600 0.85547578 0.15597743 0.00000000 0.00000000 0.00000000 0.00000000 0 0 0 0 0 0 0 0 255 0 0 0 0 0 0 0
14.50592756 12.04673088 -0.02274659 -0.04976528 -0.99869160 0.01176510 -0.00065263 0.01181220 0.99993010 0.99876080 -0.04975412 0.00123961 0.87591410 0.17507738 0.00000000 0.00000000 0.00000000 0.00000000 0 0 0 0 0 0 0 0 255 0 0 0 0 0 0 0
5.63627529 12.45074069 -1.50799084 0.04070126 -0.96422600 0.26193840 -0.00415409 0.26199000 0.96506160 0.99916280 0.04036734 -0.00665784 0.87140191 0.20918429 0.00000000 0.00000000 0.00000000 0.00000000 0 0 0 0 0 0 0 0 255 0 0 0 0 0 0 0
5.58458710 12.72106063 -0.02441928 0.02882930 -0.99951630 0.01165647 -0.00185593 0.01160777 0.99993090 0.99958260 0.02884894 0.00152039 0.87598240 0.20941198 0.00000000 0.00000000 0.00000000 0.00000000 0 0 0 0 0 0 0 0 255 0 0 0 0 0 0 0
6.20457649 9.58041275 -7.16607893 0.02219640 -0.62615640 0.77938150 -0.05406636 0.77768090 0.62633000 0.99829050 0.05604059 0.01659228 0.85448003 0.20770890 0.00000000 0.00000000 0.00000000 0.00000000 0 0 0 0 0 0 0 0 255 0 0 0 0 0 0 0
5.15564919 9.36501300 -7.08817566 -0.01421211 -0.19588400 -0.98052410 -0.97936100 -0.19500500 0.05315233 0.20161880 -0.96104250 0.18906970 0.80734622 0.18386912 0.00000000 0.00000000 0.00000000 0.00000000 0 0 0 0 0 0 0 0 255 0 0 0 0 0 0 0
6.20457649 9.58041275 -7.16607893 -0.02986824 -0.20813630 -0.97764370 -0.97881640 -0.19210730 0.07080292 0.20254920 -0.95904850 0.19798930 0.80382198 0.18391150 0.00000000 0.00000000 0.00000000 0.00000000 0 0 0 0 0 0 0 0 255 0 0 0 0 0 0 0
6.63860893 7.55024421 -6.74712504 0.00780090 -0.17853080 -0.98390340 -0.97959630 -0.19896790 0.02833628 0.20082410 -0.96360700 0.17644030 0.80170667 0.17450398 0.00000000 0.00000000 0.00000000 0.00000000 0 0 0 0 0 0 0 0 255 0 0 0 0 0 0 0
5.61133432 7.25743473 -6.72154797 0.02292170 -0.16652550 -0.98577060 -0.97939960 -0.20161630 0.01128533 0.20062670 -0.96520470 0.16771640 0.80520529 0.17414469 0.00000000 0.00000000 0.00000000 0.00000000 0 0 0 0 0 0 0 0 255 0 0 0 0 0 0 0
4.61570692 12.26829040 -1.48526884 -0.97779020 -0.20920030 0.01270490 -0.13420580 0.67152640 0.72872570 0.16098130 -0.71083580 0.68468780 0.80114508 0.17815351 0.00000000 0.00000000 0.00000000 0.00000000 0 0 0 0 0 0 0 0 255 0 0 0 0 0 0 0
5.61133432 7.25743473 -6.72154797 -0.97779020 -0.20920030 0.01270490 -0.13420580 0.67152630 0.72872570 0.16098130 -0.71083580 0.68468770 0.77652431 0.17815351 0.00000000 0.00000000 0.00000000 0.00000000 0 0 0 0 0 0 0 0 255 0 0 0 0 0 0 0
5.15564919 9.36501300 -7.08817566 -0.97779020 -0.20920030 0.01270490 -0.13420580 0.67152640 0.72872570 0.16098130 -0.71083580 0.68468780 0.78333491 0.18593240 0.00000000 0.00000000 0.00000000 0.00000000 0 0 0 0 0 0 0 0 255 0 0 0 0 0 0 0
4.77039909 12.70714080 -0.02415883 0.05528263 -0.99840220 0.01169323 -0.00267816 0.01156282 0.99992950 0.99846700 0.05531005 0.00203466 0.87598938 0.21245909 0.00000000 0.00000000 0.00000000 0.00000000 0 0 0 0 0 0 0 0 255 0 0 0 0 0 0 0
4.61570692 12.26829040 -1.48526884 0.10791730 -0.94309460 0.31452590 -0.01145256 0.31517320 0.94896500 0.99409380 0.10601180 -0.02321178 0.87132931 0.21306813 0.00000000 0.00000000 0.00000000 0.00000000 0 0 0 0 0 0 0 0 255 0 0 0 0 0 0 0
-1.63056552 11.64302719 -0.01513373 0.26577630 -0.96396780 0.01135645 -0.00238282 0.01112322 0.99993530 0.96403180 0.26578620 -0.00065932 0.87598842 0.23656309 0.00000000 0.00000000 0.00000000 0.00000000 0 0 0 0 0 0 0 0 255 0 0 0 0 0 0 0
5.15564919 9.36501300 -7.08817566 0.11651040 -0.58296720 0.80409860 -0.07128084 0.80261650 0.59222100 0.99062820 0.12631670 -0.05195878 0.85435349 0.21175849 0.00000000 0.00000000 0.00000000 0.00000000 0 0 0 0 0 0 0 0 255 0 0 0 0 0 0 0
1.76012993 3.51254356 -9.25022305 0.15672480 -0.19722140 0.96775050 -0.11310350 0.96982890 0.21596170 0.98114470 0.14330260 -0.12968980 0.83204329 0.22708762 0.00000000 0.00000000 0.00000000 0.00000000 0 0 0 0 0 0 0 0 255 0 0 0 0 0 0 0
-0.40629935 8.83923805 -6.75139368 0.22934620 -0.66259840 0.71299630 -0.10286020 0.71192100 0.69468580 0.96789470 0.23266250 -0.09512138 0.85435379 0.23271942 0.00000000 0.00000000 0.00000000 0.00000000 0 0 0 0 0 0 0 0 255 0 0 0 0 0 0 0
6.48320007 4.10265768 -9.61690510 0.11880550 -0.23525550 0.96464500 -0.07611027 0.96650970 0.24508400 0.98999610 0.10253670 -0.09692129 0.83344090 0.20836991 0.00000000 0.00000000 0.00000000 0.00000000 0 0 0 0 0 0 0 0 255 0 0 0 0 0 0 0
18.23747301 -6.18094265 -5.13583172 -0.33334040 0.70571210 0.62518360 0.10325530 0.68644670 -0.71981200 0.93713530 0.17538890 0.30168890 0.79346490 0.16153538 0.00000000 0.00000000 0.00000000 0.00000000 0 0 0 0 0 0 0 0 255 0 0 0 0 0 0 0
21.78284311 -6.21058571 0.20821223 -0.33967050 0.91188690 0.23040430 0.20693700 0.31142300 -0.92746590 0.91749720 0.26735370 0.29448440 0.77638972 0.13673818 0.00000000 0.00000000 0.00000000 0.00000000 0 0 0 0 0 0 0 0 255 0 0 0 0 0 0 0
18.52915239 -7.52834380 0.22547253 -0.35042250 0.90564300 0.23877780 0.15395020 0.30717230 -0.93911900 0.92385250 0.29232850 0.24706400 0.77130193 0.15537822 0.00000000 0.00000000 0.00000000 0.00000000 0 0 0 0 0 0 0 0 255 0 0 0 0 0 0 0
21.57670259 -5.26963103 -4.43905485 -0.32215450 0.75256840 0.57433220 0.17894990 0.64414780 -0.74367370 0.92962000 0.13680110 0.34218710 0.79766911 0.14542109 0.00000000 0.00000000 0.00000000 0.00000000 0 0 0 0 0 0 0 0 255 0 0 0 0 0 0 0
16.84654474 0.51498735 -8.56559456 -0.22192730 0.14935900 0.96355600 -0.04031803 0.98594770 -0.16211600 0.97422930 0.07482664 0.21278680 0.81955701 0.16730273 0.00000000 0.00000000 0.00000000 0.00000000 0 0 0 0 0 0 0 0 255 0 0 0 0 0 0 0
20.24136400 1.15705836 -7.81254566 -0.24812490 0.15446410 0.95633400 -0.05740554 0.98312660 -0.17368570 0.96702560 0.09799463 0.23507110 0.82101750 0.15015072 0.00000000 0.00000000 0.00000000 0.00000000 0 0 0 0 0 0 0 0 255 0 0 0 0 0 0 0
15.83003473 5.46055734 -8.24051846 -0.16231750 -0.32116760 0.93300830 -0.04506142 0.94697370 0.31813550 0.98570910 -0.00959629 0.16818270 0.83796573 0.17087507 0.00000000 0.00000000 0.00000000 0.00000000 0 0 0 0 0 0 0 0 255 0 0 0 0 0 0 0
19.35801363 5.45601213 -7.42412079 -0.21118560 -0.31467910 0.92540680 -0.05373654 0.94906590 0.31046120 0.97596760 -0.01583678 0.21733880 0.83876443 0.15354681 0.00000000 0.00000000 0.00000000 0.00000000 0 0 0 0 0 0 0 0 255 0 0 0 0 0 0 0
10.01658201 -9.01145089 -6.36523092 -0.14301530 0.76268620 0.63075870 0.05130224 0.64216580 -0.76484710 0.98839000 0.07702550 0.13096710 0.78867722 0.19739813 0.00000000 0.00000000 0.00000000 0.00000000 0 0 0 0 0 0 0 0 255 0 0 0 0 0 0 0
10.32664251 -10.43158925 0.26352685 -0.22272340 0.94426370 0.24240520 0.08986895 0.26747890 -0.95936370 0.97073060 0.19188810 0.14443380 0.76417267 0.19207972 0.00000000 0.00000000 0.00000000 0.00000000 0 0 0 0 0 0 0 0 255 0 0 0 0 0 0 0
8.42475367 -1.34195706 -10.02986992 -0.07823032 0.17288640 0.98183000 -0.05856913 0.98235020 -0.17764470 0.99521330 0.07140213 0.06672376 0.81538701 0.20249772 0.00000000 0.00000000 0.00000000 0.00000000 0 0 0 0 0 0 0 0 255 0 0 0 0 0 0 0
7.28288221 4.26355445 -9.67234219 0.00158840 -0.25771490 0.96621970 -0.07075872 0.96377000 0.25717780 0.99749220 0.06877697 0.01670472 0.83368248 0.20525903 0.00000000 0.00000000 0.00000000 0.00000000 0 0 0 0 0 0 0 0 255 0 0 0 0 0 0 0
6.26658106 -9.32826388 -5.46200073 0.00327829 0.80476740 0.59358130 -0.01268484 0.59357020 -0.80468230 0.99991430 0.00489150 -0.01215424 0.78365862 0.21262199 0.00000000 0.00000000 0.00000000 0.00000000 0 0 0 0 0 0 0 0 255 0 0 0 0 0 0 0
6.64490271 -11.09220612 0.27236473 -0.10241720 0.95379070 0.28247850 0.01560252 0.28547710 -0.95825850 0.99461920 0.09373478 0.04411930 0.76292741 0.21057039 0.00000000 0.00000000 0.00000000 0.00000000 0 0 0 0 0 0 0 0 255 0 0 0 0 0 0 0
4.08927250 -2.21300435 -9.61083115 0.09241903 0.24348900 0.96549050 -0.07591984 0.96854100 -0.23699110 0.99282180 0.05139739 -0.10799730 0.81342852 0.21996361 0.00000000 0.00000000 0.00000000 0.00000000 0 0 0 0 0 0 0 0 255 0 0 0 0 0 0 0
1.15068555 -9.78103077 -5.33782995 -0.03103234 0.75986370 0.64934140 -0.07847489 0.64579660 -0.75946590 0.99643300 0.07452500 -0.03958964 0.78311467 0.23743582 0.00000000 0.00000000 0.00000000 0.00000000 0 0 0 0 0 0 0 0 255 0 0 0 0 0 0 0
1.69843960 -11.09476292 0.27301463 -0.00047184 0.97227530 0.23383890 0.04545496 0.23361810 -0.97126540 0.99896630 -0.01017085 0.04430496 0.76303518 0.23472422 0.00000000 0.00000000 0.00000000 0.00000000 0 0 0 0 0 0 0 0 255 0 0 0 0 0 0 0
-1.74244636 -3.29570067 -8.80397785 0.11224210 0.24485830 0.96304000 -0.08848947 0.96777680 -0.23574930 0.98973290 0.05875791 -0.13029260 0.80973369 0.24027640 0.00000000 0.00000000 0.00000000 0.00000000 0 0 0 0 0 0 0 0 255 0 0 0 0 0 0 0
-4.20587993 2.12271702 -8.41498173 0.20542270 -0.24128510 0.94846360 -0.09359605 0.95984630 0.26445230 0.97418760 0.14309690 -0.17459090 0.83092833 0.25168198 0.00000000 0.00000000 0.00000000 0.00000000 0 0 0 0 0 0 0 0 255 0 0 0 0 0 0 0
-6.66572809 7.04500091 -5.74158133 0.33437640 -0.64968470 0.68271680 -0.12455740 0.68759470 0.71533150 0.93417240 0.32422740 -0.14899240 0.85686022 0.26169080 0.00000000 0.00000000 0.00000000 0.00000000 0 0 0 0 0 0 0 0 255 0 0 0 0 0 0 0
-8.26103497 10.08363044 0.01352726 0.35341360 -0.93540340 0.01092540 -0.00081494 0.01137122 0.99993500 0.93546680 0.35339950 -0.00325645 0.87619460 0.26453000 0.00000000 0.00000000 0.00000000 0.00000000 0 0 0 0 0 0 0 0 255 0 0 0 0 0 0 0
18.50684595 9.80152023 5.22363912 -0.92101960 -0.35471380 -0.16093750 0.37124670 -0.92444300 -0.08706962 0.11789280 0.13994040 -0.98311640 0.80882537 0.12336498 0.00000000 0.00000000 0.00000000 0.00000000 0 0 0 0 0 0 0 0 255 0 0 0 0 0 0 0
20.24626398 1.34134138 8.03568374 -0.96998890 -0.15287090 -0.18908270 0.17181080 -0.98118160 -0.08811199 0.17205470 0.11795410 -0.97800010 0.83757782 0.13790667 0.00000000 0.00000000 0.00000000 0.00000000 0 0 0 0 0 0 0 0 255 0 0 0 0 0 0 0
21.57957315 -5.16186297 4.83007299 -0.97948530 -0.20149820 0.00264294 0.20048540 -0.97571920 -0.08819152 -0.02034919 0.08585244 -0.99610010 0.86208630 0.12724030 0.00000000 0.00000000 0.00000000 0.00000000 0 0 0 0 0 0 0 0 255 0 0 0 0 0 0 0
19.36263514 5.63001335 7.53778612 -0.97948400 -0.20150520 0.00263453 0.20049370 -0.97572010 -0.08816224 -0.02033572 0.08582529 -0.99610270 0.82234430 0.13428551 0.00000000 0.00000000 0.00000000 0.00000000 0 0 0 0 0 0 0 0 255 0 0 0 0 0 0 0
14.97571611 9.84170997 5.95858633 -0.10197270 -0.76859380 -0.63155760 0.02068919 -0.63636840 0.77110790 0.99457200 -0.06556551 -0.08079377 0.89733642 0.17356390 0.00000000 0.00000000 0.00000000 0.00000000 0 0 0 0 0 0 0 0 255 0 0 0 0 0 0 0
18.50684595 9.80152023 5.22363912 -0.13911660 -0.76694170 -0.62645590 0.00486069 -0.63312860 0.77403130 0.99026400 -0.10463560 -0.09180659 0.89628702 0.15561217 0.00000000 0.00000000 0.00000000 0.00000000 0 0 0 0 0 0 0 0 255 0 0 0 0 0 0 0
5.63720894 12.48533046 1.46547913 0.04062400 -0.97009870 -0.23928690 0.00109886 -0.23944100 0.97091030 0.99917390 0.03970520 0.00866105 0.88054383 0.20916378 0.00000000 0.00000000 0.00000000 0.00000000 0 0 0 0 0 0 0 0 255 0 0 0 0 0 0 0
6.20903349 9.74737251 7.19038498 0.02197643 -0.64517680 -0.76371720 0.04918556 -0.76227890 0.64537720 0.99854790 0.05174694 -0.01498122 0.89739138 0.20757282 0.00000000 0.00000000 0.00000000 0.00000000 0 0 0 0 0 0 0 0 255 0 0 0 0 0 0 0
5.16003656 9.53020275 7.11829101 -0.01393815 -0.17079310 0.98520830 0.97940150 0.19616770 0.04786313 0.20144080 -0.96558150 -0.16454080 0.77244598 0.18490273 0.00000000 0.00000000 0.00000000 0.00000000 0 0 0 0 0 0 0 0 255 0 0 0 0 0 0 0
5.61551332 7.41473472 6.80563318 0.02323297 -0.14127090 0.98969840 0.97940740 0.20181020 0.00581528 0.20055280 -0.96918280 -0.14305040 0.77458692 0.17517829 0.00000000 0.00000000 0.00000000 0.00000000 0 0 0 0 0 0 0 0 255 0 0 0 0 0 0 0
6.64281845 7.70804489 6.82338297 0.00808906 -0.15334240 0.98814000 0.97961790 0.19955520 0.02294825 0.20070740 -0.96781400 -0.15183120 0.77808547 0.17553759 0.00000000 0.00000000 0.00000000 0.00000000 0 0 0 0 0 0 0 0 255 0 0 0 0 0 0 0
6.20903349 9.74737251 7.19038498 -0.02961923 -0.18313840 0.98264080 0.97886960 0.19367720 0.06560189 0.20232930 -0.96382020 -0.17353210 0.77597022 0.18494523 0.00000000 0.00000000 0.00000000 0.00000000 0 0 0 0 0 0 0 0 255 0 0 0 0 0 0 0
5.61551332 7.41473472 6.80563318 -0.97779130 -0.20945610 -0.00723394 0.13450470 -0.65362240 0.74477250 0.16072540 -0.72725910 -0.66727920 0.80257338 0.17937338 0.00000000 0.00000000 0.00000000 0.00000000 0 0 0 0 0 0 0 0 255 0 0 0 0 0 0 0
5.16003656 9.53020275 7.11829101 -0.97779130 -0.20945610 -0.00723394 0.13450480 -0.65362260 0.74477260 0.16072540 -0.72725920 -0.66727930 0.79576248 0.18715292 0.00000000 0.00000000 0.00000000 0.00000000 0 0 0 0 0 0 0 0 255 0 0 0 0 0 0 0
4.61661625 12.30240047 1.44782912 -0.97779130 -0.20945610 -0.00723394 0.13450470 -0.65362240 0.74477250 0.16072540 -0.72725910 -0.66727920 0.77795279 0.17937338 0.00000000 0.00000000 0.00000000 0.00000000 0 0 0 0 0 0 0 0 255 0 0 0 0 0 0 0
4.61661625 12.30240047 1.44782912 0.10778130 -0.95021630 -0.29235650 0.00647079 -0.29339270 0.95597000 0.99415350 0.10492740 0.02547360 0.88062662 0.21303540 0.00000000 0.00000000 0.00000000 0.00000000 0 0 0 0 0 0 0 0 255 0 0 0 0 0 0 0
5.16003656 9.53020275 7.11829101 0.11616800 -0.60265250 -0.78950300 0.06539672 -0.78851880 0.61152390 0.99107440 0.12267040 0.05218919 0.89753288 0.21160710 0.00000000 0.00000000 0.00000000 0.00000000 0 0 0 0 0 0 0 0 255 0 0 0 0 0 0 0
1.76589680 3.72980487 9.43308079 0.15641180 -0.22171090 -0.96248620 0.12966000 -0.96143780 0.24254020 0.97914440 0.16273210 0.12163310 0.91985369 0.22672880 0.00000000 0.00000000 0.00000000 0.00000000 0 0 0 0 0 0 0 0 255 0 0 0 0 0 0 0
6.48918533 4.32815254 9.77464782 0.11844860 -0.25963020 -0.95841650 0.07082409 -0.96054390 0.26895960 0.99043110 0.09973687 0.09538704 0.91838437 0.20810699 0.00000000 0.00000000 0.00000000 0.00000000 0 0 0 0 0 0 0 0 255 0 0 0 0 0 0 0
-0.40214282 8.99671733 6.79055034 0.22892650 -0.67983880 -0.69671510 0.09734383 -0.69614670 0.71126940 0.96856440 0.23064940 0.09318833 0.89764249 0.23252589 0.00000000 0.00000000 0.00000000 0.00000000 0 0 0 0 0 0 0 0 255 0 0 0 0 0 0 0
18.24077272 -6.05665600 5.55066311 -0.33384520 0.69024970 -0.64195220 -0.07661031 -0.69863930 -0.71136080 0.93950960 0.18830420 -0.28611760 0.96053970 0.16145712 0.00000000 0.00000000 0.00000000 0.00000000 0 0 0 0 0 0 0 0 255 0 0 0 0 0 0 0
21.78284311 -6.21058571 0.20821223 -0.33989450 0.90622200 -0.25146250 -0.15369100 -0.31731030 -0.93578490 0.92782050 0.27942060 -0.24713020 0.97620058 0.13814843 0.00000000 0.00000000 0.00000000 0.00000000 0 0 0 0 0 0 0 0 255 0 0 0 0 0 0 0
21.57957315 -5.16186297 4.83007299 -0.32262150 0.73839840 -0.59218530 -0.07147118 -0.64285730 -0.76264430 0.94382600 0.20372130 -0.26017380 0.95811617 0.14327699 0.00000000 0.00000000 0.00000000 0.00000000 0 0 0 0 0 0 0 0 255 0 0 0 0 0 0 0
18.52915239 -7.52834380 0.22547253 -0.35068150 0.89976400 -0.25970620 -0.14378520 -0.32575950 -0.93445530 0.92539100 0.29035430 -0.24361060 0.98021221 0.15535951 0.00000000 0.00000000 0.00000000 0.00000000 0 0 0 0 0 0 0 0 255 0 0 0 0 0 0 0
16.85193491 0.71699941 8.80574142 -0.22226320 0.12488350 -0.96695550 0.03899442 -0.98983070 -0.13680110 0.97420650 0.06811173 -0.21513320 0.93211973 0.16720051 0.00000000 0.00000000 0.00000000 0.00000000 0 0 0 0 0 0 0 0 255 0 0 0 0 0 0 0
20.24626398 1.34134138 8.03568374 -0.24846390 0.13010720 -0.95986340 0.05047796 -0.98785250 -0.14696740 0.96732500 0.08496805 -0.23887820 0.92994899 0.14905602 0.00000000 0.00000000 0.00000000 0.00000000 0 0 0 0 0 0 0 0 255 0 0 0 0 0 0 0
15.83515406 5.65353715 8.35466301 -0.16243240 -0.34460930 -0.92458650 0.04697295 -0.93866870 0.34160580 0.98560090 -0.01205729 -0.16865750 0.91378123 0.17079878 0.00000000 0.00000000 0.00000000 0.00000000 0 0 0 0 0 0 0 0 255 0 0 0 0 0 0 0
19.36263514 5.63001335 7.53778612 -0.21127430 -0.33801000 -0.91712180 0.05415474 -0.94090910 0.33430140 0.97592540 -0.02096280 -0.21709470 0.91296458 0.15246111 0.00000000 0.00000000 0.00000000 0.00000000 0 0 0 0 0 0 0 0 255 0 0 0 0 0 0 0
